1 1.4799999462411505e-06
2 2.500000027794158e-06
3 3.0000000151630956e-06
4 4.959999978382257e-06
5 6.800000028306385e-06
6 9.780000027603819e-06
7 1.2360000027911155e-05
8 1.6099999993457458e-05
9 1.8660000068848604e-05
10 2.4620000021968736e-05
11 2.984000002470566e-05
12 3.222000000278058e-05
13 4.102000002603745e-05
14 4.525999997895269e-05
15 5.127999993419508e-05
16 6.004000001667009e-05
17 6.265999991228455e-05
18 7.814000009602751e-05
19 8.454000003439432e-05
20 8.933999997680075e-05
21 0.00010467999995853461
22 0.00011096000002908113
23 0.00011962000003222784
24 0.00012913999999000225
25 0.00014907999998285958
26 0.00014706000001751818
27 0.00016151999998328392
28 0.00016791999996712548
29 0.00018839999997908308
30 0.00020754000001943496
31 0.00021240000005491312
32 0.0002362600000196835
33 0.000236860000040906
34 0.000262159999965661
35 0.00028449999999793365
36 0.00028081999998903485
37 0.00031900000003588503
38 0.00033226000000468047
39 0.000350639999987834
40 0.000360919999957332
41 0.00038280000003396706
42 0.00041170000004058237
43 0.0004333800000495103
44 0.0004374400000415335
45 0.0004499799999393872
46 0.00046200000001590525
47 0.00048000000001593437
48 0.0005195400000047812
49 0.0005418600000211881
50 0.0005465600000206905
51 0.0005588599999555299
52 0.0006004799999118404
53 0.0006031400000210852
54 0.000645459999986997
55 0.000672679999979664
56 0.0007010600000285194
57 0.00072082000001501
58 0.0007506999999804976
59 0.0007791399999860005
60 0.0007941199999550008
61 0.0008164200000010169
62 0.0008697199999460281
63 0.0008635800000320159
64 0.0008961399998952402
65 0.0009146399999735877
66 0.0009751799998866772
67 0.0010115199999745528
68 0.0009944400000222232
69 0.001048700000046665
70 0.0010893199999827629
71 0.0010845199999948818
72 0.0011826399999335991
73 0.0011691799999425712
74 0.001480119999996532
75 0.0012784000000010565
76 0.0013075799999569427
77 0.001347879999957513
78 0.0013936399999693095
79 0.0013438800000130867
80 0.0014220800000202872
81 0.0014451399999870773
82 0.0014890399999785587
83 0.0015012400000614435
84 0.0015349200000400742
85 0.0015930200000184413
86 0.0016129200000250421
87 0.001741119999996954
88 0.0016962999999577733
89 0.0017312000000401894
90 0.0017687600000499514
91 0.0018491799999992508
92 0.0018840199999885954
93 0.0019275799999832089
94 0.0019302799999877606
95 0.0020075199999155303
96 0.002042320000055042
97 0.0020564800000556715
98 0.002099760000010065
99 0.0021876000000247585
100 0.0022637200000190207
101 0.0022829399998954615
102 0.0023771400000441646
103 0.002292279999983293
104 0.002362119999997958
105 0.0024713799999972253
106 0.0024509200000011333
107 0.002518480000071577
108 0.0025879000000259113
109 0.002577999999994063
110 0.0026530399999955987
111 0.002742420000049606
112 0.0027491000000281927
113 0.002790820000018357
114 0.0028449400000681636
115 0.002884980000044379
116 0.002975879999985409
117 0.002948239999977886
118 0.003166000000010172
119 0.003042740000046251
120 0.003139459999965766
121 0.0031625000000531146
122 0.0033054799999263198
123 0.0034115200000542243
124 0.003363839999974516
125 0.0034481200000300305
126 0.003473179999991771
127 0.0035524199999599658
128 0.003504560000010315
129 0.0036319800000001123
130 0.0037462999999661405
131 0.0036917600000833774
132 0.0038086800000201038
133 0.0038687600000230304
134 0.003959180000038032
135 0.004091139999991356
136 0.004028620000008231
137 0.004138080000029731
138 0.004227679999985412
139 0.004452919999994265
140 0.0045210200000838086
141 0.004359379999914381
142 0.0043946400000550055
143 0.00440721999998459
144 0.0044986399999743295
145 0.004559380000046076
146 0.00463725999993585
147 0.004702420000012353
148 0.004817619999994349
149 0.0048119400000359745
150 0.00487662000000455
151 0.00502967999991597
152 0.005090880000079778
153 0.005252439999912895
154 0.005134340000040538
155 0.005266840000012962
156 0.005248559999927238
157 0.005402980000053503
158 0.005410600000004706
159 0.005429060000005847
160 0.005651739999984784
161 0.005790740000065853
162 0.005733400000053734
163 0.00573594000002231
164 0.006010580000020127
165 0.005954960000053688
166 0.006174079999937021
167 0.006168480000087584
168 0.006152299999985189
169 0.006178140000019994
170 0.006384740000021339
171 0.006365379999942888
172 0.006380240000044069
173 0.006632579999995869
174 0.006783959999984291
175 0.0067238200000701905
176 0.006869199999982811
177 0.006914880000022094
178 0.006900919999952748
179 0.006996739999976853
180 0.007276260000026014
181 0.007324440000002141
182 0.007235139999966123
183 0.007499179999967964
184 0.00741531999997278
185 0.007660099999930026
186 0.007563460000028499
187 0.007727479999994102
188 0.007787460000054125
189 0.007957400000077542
190 0.007897759999968912
191 0.00804868000004717
192 0.008066099999950893
193 0.008185880000019097
194 0.00844861999994464
195 0.008264959999951315
196 0.00832959999997911
197 0.008570259999987683
198 0.008885440000040035
199 0.008843140000044514
200 0.00881242000000384
201 0.008829519999972035
202 0.008981900000026143
203 0.008952540000063892
204 0.009115139999994425
205 0.009283400000003893
206 0.009566780000022845
207 0.00953599999998005
208 0.009450239999978294
209 0.009355020000020886
210 0.009640339999941716
211 0.009882920000063678
212 0.009911279999914768
213 0.010175220000019181
214 0.009986320000007255
215 0.009834259999934147
216 0.010215240000025005
217 0.010188860000016575
218 0.010268980000000738
219 0.010515899999973044
220 0.010963940000010552
221 0.010831440000083603
222 0.01062445999996271
223 0.011040339999954085
224 0.01112901999999849
225 0.010990459999948143
226 0.011147440000013376
227 0.011300959999971383
228 0.011391499999945154
229 0.011447219999945446
230 0.01169753999997738
231 0.011544659999981378
232 0.011735880000014732
233 0.011859899999990375
234 0.01176698000003853
235 0.012228399999958128
236 0.011952119999978094
237 0.012121579999939059
238 0.012253779999991821
239 0.012479579999990165
240 0.012587140000005093
241 0.01267854000002444
242 0.01289548000004288
243 0.013049960000034843
244 0.012935500000048705
245 0.01309822000002896
246 0.013297340000008262
247 0.013390539999954853
248 0.013623960000040824
249 0.013534940000090501
250 0.013655160000007526
251 0.0135446199999933
252 0.01427137999999104
253 0.014286699999956909
254 0.014200299999993149
255 0.014085840000052485
256 0.014399180000009438
257 0.014356799999950454
258 0.014606780000030994
259 0.014696419999972931
260 0.01494991999998092
261 0.014893579999989016
262 0.015160239999977421
263 0.015135259999942719
264 0.015088839999998526
265 0.015315459999919767
266 0.015244620000021313
267 0.015576780000037616
268 0.01580628000001525
269 0.015525239999942642
270 0.016239600000017163
271 0.016327799999999115
272 0.016022160000011353
273 0.016335899999967297
274 0.016436000000021524
275 0.016814380000005257
276 0.016404699999975493
277 0.01680820000001404
278 0.016927420000001803
279 0.016750119999960587
280 0.017745739999963917
281 0.01750171999997292
282 0.018248739999989994
283 0.018447619999960807
284 0.01835510000000795
285 0.01837774000000536
286 0.017966280000018743
287 0.018032119999952557
288 0.018368540000028587
289 0.01849077999995643
290 0.018477060000032
291 0.018517160000010337
292 0.01878607999997257
293 0.019106060000058277
294 0.019459259999939603
295 0.019101320000027046
296 0.019018960000039442
297 0.01923465999993823
298 0.019260300000041752
299 0.01974703999990197
300 0.019702899999947475
301 0.020313380000061443
302 0.019759219999923517
303 0.019899279999981444
304 0.020261720000053173
305 0.020292120000021896
306 0.02026516000000811
307 0.020650820000082604
308 0.02142094000000725
309 0.020732600000019374
310 0.021179239999946732
311 0.021231380000017452
312 0.02141574000002038
313 0.02131364000006215
314 0.02156582000002345
315 0.02188622000007854
316 0.022068560000025172
317 0.02197367999992821
318 0.022289899999941555
319 0.022240440000132367
320 0.022423359999993408
321 0.02263305999995282
322 0.022684040000058303
323 0.022635339999987993
324 0.023462619999918388
325 0.023655700000017533
326 0.02310298000002149
327 0.02356530000006387
328 0.02330508000000009
329 0.02406135999995058
330 0.024123760000020412
331 0.024692499999991922
332 0.02427082000003793
333 0.0240441799999644
334 0.024656780000032085
335 0.024621960000013134
336 0.024691500000017186
337 0.024782619999996314
338 0.024941979999948672
339 0.025534139999945183
340 0.0252026399999977
341 0.025884120000046095
342 0.025563000000011014
343 0.025891739999997297
344 0.025736860000006346
345 0.026055219999989276
346 0.026250540000000912
347 0.02631727999996656
348 0.02659372000002804
349 0.026633359999959794
350 0.02706229999998868
351 0.026963040000009642
352 0.02716536000002634
353 0.027349599999979546
354 0.02835602000000108
355 0.027958899999975983
356 0.027942199999915828
357 0.02846730000005664
358 0.027978500000062922
359 0.028301439999950162
360 0.028018920000067737
361 0.028306839999959265
362 0.028959720000057133
363 0.02949773999998797
364 0.028597579999996015
365 0.029378760000008698
366 0.02985685999992711
367 0.029319159999977272
368 0.02963729999996758
369 0.030309639999995853
370 0.030251099999895815
371 0.030879600000025674
372 0.03035967999994682
373 0.03033620000001065
374 0.030660279999983685
375 0.03072512000003371
376 0.03142805999991651
377 0.030942719999984547
378 0.03130470000005516
379 0.032048839999970366
380 0.03237978000001931
381 0.031862300000057076
382 0.032034459999977116
383 0.03263229999997748
384 0.03240123999999014
385 0.03274566000004597
386 0.03291399999998248
387 0.03320074000002933
388 0.0333381599999484
389 0.033591999999998734
390 0.033235880000029284
391 0.03328621999994539
392 0.03363122000000658
393 0.03357386000002407
394 0.03477999999995518
395 0.03402633999999125
396 0.03480878000000302
397 0.03475234000002274
398 0.034951039999987187
399 0.03494890000006308
400 0.03528322000001936
401 0.03505153999999493
402 0.035517699999945765
403 0.03553928000001179
404 0.03621463999998013
405 0.03577531999999337
406 0.03613974000004418
407 0.03608890000000429
408 0.036206560000073294
409 0.0369108000000324
410 0.03651209999993625
411 0.03705637999996725
412 0.037323379999998
413 0.037453560000039944
414 0.03776907999999821
415 0.03829144000005726
416 0.038072200000033266
417 0.0385476999999355
418 0.03784711999996944
419 0.038693899999952916
420 0.0390432000000601
421 0.03916218000003937
422 0.03925894000003609
423 0.039897739999969414
424 0.039918939999961364
425 0.04005885999995371
426 0.039663319999999655
427 0.039968700000054015
428 0.04047583999999915
429 0.040797919999931764
430 0.040313519999972416
431 0.04095972000000074
432 0.04173104000005878
433 0.04125392000000829
434 0.041765079999959195
435 0.04262704000007034
436 0.041782319999947505
437 0.0420785799999976
438 0.0422439600000871
439 0.04294261999989431
440 0.04227129999999306
441 0.04292770000001837
442 0.043406760000061696
443 0.04364049999994677
444 0.044466899999997624
445 0.043118460000005146
446 0.04369563999998718
447 0.044027839999944265
448 0.04363641999993888
449 0.04435975999999755
450 0.045539079999934985
451 0.04422498000012638
452 0.04502791999998408
453 0.04549430000001849
454 0.04588165999994089
455 0.045605919999934484
456 0.045199899999988705
457 0.04634980000005271
458 0.0463709199999812
459 0.04678095999997822
460 0.046855719999985015
461 0.04732745999999679
462 0.047109280000040596
463 0.047563899999977365
464 0.04754698000001554
465 0.047570979999954945
466 0.04776573999997709
467 0.048217499999964275
468 0.048213540000006105
469 0.048384920000080454
470 0.048808899999949064
471 0.0488559200000509
472 0.04930765999997675
473 0.04929745999997977
474 0.04932279999998172
475 0.0498027600000114
476 0.0506434000000354
477 0.05008378000006815
478 0.05063814000000093
479 0.050890380000009824
480 0.05115033999991283
481 0.05170988000004399
482 0.05114904000001843
483 0.051486960000011094
484 0.051635280000027706
485 0.05171558000001823
486 0.05298733999998149
487 0.05250998000001346
488 0.05278665999999248
489 0.053804319999972
490 0.05382164000002376
491 0.054148380000015095
492 0.05313096000004407
493 0.05339378000003307
494 0.05409968000003573
495 0.05457328000006782
496 0.054002140000011425
497 0.05434556000000157
498 0.05520707999999104
499 0.054784720000134256
500 0.05485445999997864
501 0.05567550000005213
502 0.05561969999998837
503 0.056311980000054974
504 0.056628319999981615
505 0.05750485999992634
506 0.0566209400000389
507 0.05656367999995382
508 0.05759228000001713
509 0.057419120000031396
510 0.05779932000004919
511 0.05750973999993221
512 0.05802096000002166
513 0.05814645999998902
514 0.05811544000002868
515 0.05899269999999888
516 0.05854650000005677
517 0.05864170000008926
518 0.05962675999999192
519 0.059230780000007144
520 0.05971897999997964
521 0.06006267999987358
522 0.06062499999998181
523 0.0619749800000136
524 0.061124100000006364
525 0.06101032000001396
526 0.06146440000002258
527 0.061969420000014
528 0.061534560000018244
529 0.0621289600000182
530 0.06115233999998963
531 0.0622722600000543
532 0.06227391999996144
533 0.06397263999997449
534 0.06301264000003357
535 0.06287452000005941
536 0.06292609999995875
537 0.06377908000004026
538 0.06424711999998181
539 0.06406630000001315
540 0.06418506000004527
541 0.06475683999997273
542 0.06549795999990238
543 0.06552047999998649
544 0.06465368000003764
545 0.06552705999993122
546 0.06646515999996154
547 0.06663856000000123
548 0.06674262000001363
549 0.06646639999994478
550 0.06707758000006833
551 0.06733318000001418
552 0.06665720000000874
553 0.06728727999998227
554 0.06774290000007568
555 0.06910203999996156
556 0.06879409999996824
557 0.06846310000000813
558 0.06886482000004435
559 0.07006198000003679
560 0.06946398000000045
561 0.06962463999998363
562 0.06985435999999937
563 0.06951781999996456
564 0.07113773999994918
565 0.07112034000001585
566 0.07006745999997292
567 0.07181695999997828
568 0.07136639999994258
569 0.07079577999993489
570 0.07308782000009159
571 0.07209070000003522
572 0.0723294000000351
573 0.07355103999998391
574 0.07335316000003331
575 0.07284486000003199
576 0.07368965999999091
577 0.07441272000000936
578 0.07424293999997644
579 0.07582824000005531
580 0.07408746000000974
581 0.07550908000002891
582 0.07487609999998313
583 0.07556514000002608
584 0.0759005000000343
585 0.07557017999997698
586 0.07582714000004671
587 0.0770327200000338
588 0.07696472000002359
589 0.0771492799999578
590 0.076682559999972
591 0.0774825200000123
592 0.07761205999995582
593 0.07769998000003397
594 0.07863361999989138
595 0.07730017999997471
596 0.07930549999996402
597 0.07955057999997735
598 0.07963361999995869
599 0.08013317999993888
600 0.08013913999998294
601 0.08053757999996378
602 0.08060246000000007
603 0.08167017999999189
604 0.08099401999998009
605 0.08114905999996154
606 0.08252118000004885
607 0.08257433999997374
608 0.08191335999999864
609 0.08165662000001248
610 0.0833172599999216
611 0.08328974000005473
612 0.0834827600000608
613 0.08383509999994203
614 0.08389298000001873
615 0.0840056800000184
616 0.08360266000004231
617 0.08426786000009087
618 0.08470624000001407
619 0.08572791999995388
620 0.08527139999996507
621 0.08676086000000396
622 0.08555421999994905
623 0.08622838000001139
624 0.08570492000003468
625 0.08731102000001556
626 0.08776409999991301
627 0.08680748000006133
628 0.08747229999994488
629 0.08876831999996285
630 0.08817674000001716
631 0.0881207799999629
632 0.08985904000005576
633 0.08950193999994553
634 0.08948448000001008
635 0.08922757999998794
636 0.08986617999998998
637 0.08987681999992674
638 0.08988698000002841
639 0.09038049999994655
640 0.09107193999998345
641 0.0912253200000123
642 0.09096046000004207
643 0.09096941999996488
644 0.09279568000001745
645 0.0920705399999406
646 0.09264858000001368
647 0.09165564000004452
648 0.09399448000003759
649 0.09257464000002073
650 0.09360826000001907
651 0.09536772000001292
652 0.09522554000000127
653 0.09489926000001106
654 0.09511599999996179
655 0.09622060000001512
656 0.09518975999994836
657 0.09525982000000113
658 0.09656090000003133
659 0.09589129999994839
660 0.0963052599999628
661 0.09626890000004096
662 0.0970586800000092
663 0.09726015999999618
664 0.09761404000005314
665 0.09861753999998654
666 0.0979288799999722
667 0.09882260000003953
668 0.10012335999999777
669 0.09854559999998855
670 0.09931551999998192
671 0.09923817999997482
672 0.09878717999999935
673 0.1007520199999817
674 0.10059355999992477
675 0.10179301999996823
676 0.10179325999997672
677 0.10226551999999174
678 0.1023552199999358
679 0.10190338000006705
680 0.10234233999995013
681 0.10443066000002546
682 0.1023243399999501
683 0.10417953999999555
684 0.10430601999996725
685 0.10543619999994007
686 0.10467663999993419
687 0.10631742000005033
688 0.10644872000002578
689 0.1060010799999418
690 0.10477487999996811
691 0.10706128000001627
692 0.10626381999995829
693 0.10669158000000607
694 0.10670605999994223
695 0.10789993999997023
696 0.10908951999995224
697 0.1095279200000732
698 0.10831922000002123
699 0.10860334000003605
700 0.10869756000006418
701 0.10960593999993762
702 0.10979112000004534
703 0.10999631999998201
704 0.11139869999997246
705 0.1110553600000003
706 0.11019913999998607
707 0.11095935999992435
708 0.11181034000001092
709 0.11199216000004526
710 0.11198191999997106
711 0.112962620000053
712 0.11308008000000883
713 0.11324546000009832
714 0.11196461999993516
715 0.11402568000003158
716 0.11449175999996442
717 0.1146712199999456
718 0.11491053999998257
719 0.11544843999990917
720 0.11550635999992664
721 0.11527354000004379
722 0.11686028000008264
723 0.11790624000000208
724 0.11574444000002586
725 0.11759407999993528
726 0.11796114000007947
727 0.11713049999998475
728 0.11671342000004188
729 0.11918306000002303
730 0.1183741800000007
731 0.11910029999999097
732 0.11902532000003703
733 0.12049701999994795
734 0.12103637999998682
735 0.12094905999997536
736 0.12077643999996326
737 0.12092262000010123
738 0.12028046000004906
739 0.12240988000003199
740 0.12127801999999974
741 0.1233173999999508
742 0.12283472000003712
743 0.12328697999996621
744 0.12292373999994197
745 0.12521179999998822
746 0.12495558000000528
747 0.12414115999999922
748 0.12483140000003914
749 0.12595762000000832
750 0.1256955599999401
751 0.1273007000000689
752 0.12593716000001223
753 0.1257060600000841
754 0.12674652000000605
755 0.12750240000000304
756 0.1273845600000186
757 0.12836440000005495
758 0.12767524000000777
759 0.1293997799999488
760 0.12875964000004386
761 0.1290692799999306
762 0.1293965400000161
763 0.12970787999993263
764 0.12941541999998663
765 0.12985921999998026
766 0.1296971200000371
767 0.13009735999999067
768 0.1315460599999824
769 0.132621139999992
770 0.13272616000003837
771 0.1339903599999616
772 0.13393708000003243
773 0.1328759600000012
774 0.13336103999999976
775 0.13441217999993568
776 0.133754399999998
777 0.133826579999959
778 0.1348098399999799
779 0.13467788000007203
780 0.13515566000000945
781 0.1364124200000333
782 0.13524391999999352
783 0.13674048000007133
784 0.1381532200000038
785 0.13902313999992658
786 0.13670170000004872
787 0.13826719999997295
788 0.13852211999992506
789 0.1392666599999302
790 0.13963474000001952
791 0.13970844000004945
792 0.1394194200000129
793 0.14030901999994966
794 0.14175933999995322
795 0.14106009999995878
796 0.14108327999997528
797 0.14104396000002453
798 0.14214636000001518
799 0.14191050000003996
800 0.14211381999989497
801 0.14276691999998548
802 0.14333724000002804
803 0.14425506000002314
804 0.14453858000001674
805 0.14328287999996975
806 0.1448323000000528
807 0.14644532000002072
808 0.14497887999996237
809 0.14548402000000352
810 0.14682140000004437
811 0.1482549199999994
812 0.1477303799999845
813 0.14594520000000558
814 0.14831358000001274
815 0.14854639999998653
816 0.1489096000000245
817 0.1497599999999693
818 0.14922198000003845
819 0.15016002000002118
820 0.1511247199999616
821 0.15028320000005807
822 0.1513151200000266
823 0.1505039200000283
824 0.15186264000003574
825 0.15178780000005646
826 0.15248259999993935
827 0.15214228000004368
828 0.15416787999993176
829 0.15376197999994473
830 0.1546601200000623
831 0.15366164000001845
832 0.15416194000003997
833 0.1549383000000489
834 0.1560921999999664
835 0.15639147999995656
836 0.15581491999996616
837 0.155902019999985
838 0.1571973000000071
839 0.1577489799999512
840 0.15741727999998148
841 0.15741282000008142
842 0.1573349200000848
843 0.1579359399999703
844 0.1595604000000094
845 0.1592573999999786
846 0.16058210000005602
847 0.1604911400000219
848 0.16067175999996836
849 0.16110837999999603
850 0.1605306400000245
851 0.1624862800000301
852 0.1638787599999887
853 0.16299564000005376
854 0.16212042000006477
855 0.16174342000003888
856 0.16233020000004217
857 0.16353045999999266
858 0.16601550000000315
859 0.16613752000002932
860 0.16704965999997512
861 0.1672360400000798
862 0.16548794000004818
863 0.16667570000004162
864 0.16897845999997116
865 0.16687815999998748
866 0.17087934000001043
867 0.16909983999994438
868 0.1718558399998983
869 0.17005647999994836
870 0.1690855200000442
871 0.17054290000000946
872 0.1692243399999825
873 0.16955367999999
874 0.16993185999995147
875 0.1703427599999486
876 0.17236245999997662
877 0.1723638600000868
878 0.17108229999994365
879 0.17312018000002355
880 0.17332922000005055
881 0.17456308000005266
882 0.17459990000002107
883 0.17362302000001364
884 0.17538648000004287
885 0.17502896000005422
886 0.17487011999996865
887 0.1759273000000121
888 0.17559476000001267
889 0.17719772000004924
890 0.17658512000002702
891 0.17687400000004344
892 0.1761312800000269
893 0.17806644000002053
894 0.17796197999996366
895 0.17990534000005026
896 0.17986672000006365
897 0.18053741999983686
898 0.17979482000000643
899 0.18028611999989153
900 0.18005486000010934
901 0.18148958000001586
902 0.18127151999997296
903 0.18188024000000952
904 0.18393450000012307
905 0.18264282000009188
906 0.18419625999995332
907 0.18466628000005586
908 0.18412899999993898
909 0.18489706000018485
910 0.1864217800000006
911 0.18740243999991435
912 0.18678921999999148
913 0.188317139999981
914 0.18659326000006332
915 0.18750310000004902
916 0.18874442000005728
917 0.1879636999999093
918 0.1882820800000445
919 0.18818924000006518
920 0.19058627999993405
921 0.19114014000006135
922 0.19031258000004528
923 0.18966026000007333
924 0.1905890799998815
925 0.1906946999999491
926 0.1917970599999535
927 0.19174883999994563
928 0.1930459600001086
929 0.19251617999998416
930 0.19274076000001514
931 0.19440794000001915
932 0.1950068000000101
933 0.1950088799999321
934 0.19435472000004667
935 0.19407404000003226
936 0.19631303999994998
937 0.19724993999998333
938 0.19799800000009782
939 0.19764540000005582
940 0.1961693600002036
941 0.19641826000006404
942 0.1992925199999263
943 0.1988994199999979
944 0.197963080000045
945 0.19906416000003446
946 0.20019006000011358
947 0.20000331999990523
948 0.2009592999999768
949 0.2019291399999929
950 0.2009351799999422
951 0.20105240000002594
952 0.20123788000000786
953 0.2030950800000028
954 0.20374108000005436
955 0.2094911600001069
956 0.2024259599999823
957 0.20521924000004219
958 0.20604167999999845
959 0.20498404000009032
960 0.20674318000010317
961 0.2070279799999298
962 0.20899286000003486
963 0.2064981400000761
964 0.20847220000014205
965 0.20794097999996666
966 0.2095072799999798
967 0.2070740999998634
968 0.2100797600000078
969 0.2105180599997766
970 0.20958630000004633
971 0.20991299999996044
972 0.21053785999993124
973 0.21090818000011496
974 0.21257720000012342
975 0.21211446000015713
976 0.21456821999991008
977 0.2140474799999538
978 0.21336085999992066
979 0.21397085999997217
980 0.2157947200000308
981 0.2159626799999387
982 0.21448535999998058
983 0.21783438000002206
984 0.21683486000001723
985 0.21731171999990692
986 0.21809392000004663
987 0.21896147999996174
988 0.2201037400000132
989 0.2170785799999976
990 0.2199351599999318
991 0.218353019999995
992 0.22111724000005778
993 0.2208444000001691
994 0.22149377999994613
995 0.22233657999995557
996 0.22104288000000452
997 0.2229474000000664
998 0.22389824000001682
999 0.22324178000008033
1000 0.22391372000001866
1001 0.22365562000013597
1002 0.22315042000009272
1003 0.22798523999999815
1004 0.2263487799998984
1005 0.22745859999995446
1006 0.22683032000013553
1007 0.2267906399999447
1008 0.22828718000000664
1009 0.22807701999990967
1010 0.2289413599999534
1011 0.22952158000016426
1012 0.22812355999994907
1013 0.22833241999996973
1014 0.2307693000000654
1015 0.23072268000014445
1016 0.23078268000008392
1017 0.23088601999988895
1018 0.2324064000001272
1019 0.23361544000008508
1020 0.23409307999982049
1021 0.23517013999990014
1022 0.23260405999990325
1023 0.23466505999995207
1024 0.23514759999998205
1025 0.23332230000005438
1026 0.2353815399999803
1027 0.23697992000006707
1028 0.23727635999994162
1029 0.23727787999987413
1030 0.23768147999990105
1031 0.23749726000014562
1032 0.23806017999995674
1033 0.23905901999996787
1034 0.24012385999994876
1035 0.24177658000007796
1036 0.24124669999991966
1037 0.24027204000012717
1038 0.2414993599999434
1039 0.24049416000007112
1040 0.24265906000000542
1041 0.242455819999941
1042 0.24300187999997433
1043 0.24402583999999478
1044 0.2455991200000426
1045 0.24242367999995623
1046 0.2455044799999996
1047 0.24576904000005015
1048 0.24675372000001516
1049 0.24564213999992718
1050 0.24681252000009407
1051 0.24709215999992012
1052 0.24828257999997733
1053 0.24827391999997417
1054 0.2496729599999526
1055 0.24873595999997633
1056 0.2515911200000119
1057 0.25001451999987695
1058 0.2506581399999959
1059 0.2509586800001671
1060 0.2528165200000331
1061 0.25207909999999173
1062 0.2521335999999792
1063 0.25139844000004813
1064 0.2556218199999421
1065 0.2546173399999134
1066 0.2562570600000981
1067 0.25407790000017483
1068 0.25544008000006213
1069 0.2551296999998158
1070 0.25743620000012013
1071 0.25640086000003065
1072 0.25941584000011064
1073 0.2563952399998925
1074 0.2587950999999521
1075 0.2676064199999928
1076 0.2733970199999021
1077 0.2659388999998555
1078 0.26599717999997663
1079 0.26348141999988
1080 0.26444674000013035
1081 0.2650261400001
1082 0.26233627999999953
1083 0.26436782000009773
1084 0.2674210999999559
1085 0.2661273799999435
1086 0.2663902199999029
1087 0.267120199999863
1088 0.26515097999990755
1089 0.266303920000064
1090 0.2674147599999742
1091 0.26830965999997713
1092 0.26945120000000317
1093 0.2692611399999805
1094 0.2695415799999864
1095 0.26814382000002296
1096 0.26990697999999613
1097 0.26873384000009537
1098 0.26957852000005006
1099 0.27096879999980955
1100 0.2701726199999939
1101 0.2723919000000933
1102 0.27314561999992293
1103 0.2713510000001406
1104 0.2744490400002178
1105 0.2739487399998325
1106 0.274498979999953
1107 0.2742750800000067
1108 0.27645237999995514
1109 0.27610833999988244
1110 0.27566543999992066
1111 0.27863010000010036
1112 0.27878125999995973
1113 0.27826806000011856
1114 0.2799831600000289
1115 0.27895360000002256
1116 0.2774901600000703
1117 0.2777429800000391
1118 0.27979865999996034
1119 0.2850624200000311
1120 0.282859599999847
1121 0.2814209999999548
1122 0.27930059999998774
1123 0.2815576600000895
1124 0.2835534400001961
1125 0.28654939999996715
1126 0.285775300000023
1127 0.28512596000000484
1128 0.287554899999941
1129 0.2851485000000139
1130 0.2865198800000144
1131 0.28617821999996523
1132 0.2889814000000115
1133 0.2878936199997952
1134 0.2886515400000462
1135 0.28730810000006385
1136 0.2911652400000094
1137 0.2901651399999537
1138 0.286308519999875
1139 0.29201514000005774
1140 0.29327524000000266
1141 0.295104899999842
1142 0.2937308599999596
1143 0.29344072000003507
1144 0.2932071600001109
1145 0.2960173000001305
1146 0.2916638000000603
1147 0.29749248000007356
1148 0.2954443000000538
1149 0.29760640000013155
1150 0.29523212000003696
1151 0.2971724400000312
1152 0.29641940000010436
1153 0.2965061400000195
1154 0.2976230399999622
1155 0.2991113399999449
1156 0.3003018199999133
1157 0.30020136000021014
1158 0.3012139800001933
1159 0.3028376200000821
1160 0.3041590399998313
1161 0.3015199399999801
1162 0.3024833800000124
1163 0.30478688000002874
1164 0.30465016000007383
1165 0.3053304600000956
1166 0.30332826000003477
1167 0.3067174599998907
1168 0.30520268000000217
1169 0.308503280000059
1170 0.3062604600000668
1171 0.30708429999995135
1172 0.30768630000002306
1173 0.3087889800000994
1174 0.3103242199998931
1175 0.31062146000012947
1176 0.3094793399998707
1177 0.31192110000001777
1178 0.31062745999988695
1179 0.3142067799999495
1180 0.31333690000001296
1181 0.312496899999951
1182 0.3133416800001214
1183 0.3146472800000083
1184 0.31377743999992164
1185 0.31683479999992414
1186 0.3138641400000779
1187 0.3160263199999463
1188 0.31543520000013814
1189 0.3196679600000607
1190 0.31801380000015345
1191 0.31925864000004367
1192 0.3189963599999828
1193 0.31817713999998887
1194 0.32045786000007864
1195 0.31905892000004316
1196 0.32123733999997056
1197 0.3200184000000263
1198 0.32220264000006865
1199 0.3251010599999972
1200 0.32406427999994775
1201 0.3249688799998694
1202 0.32293123999997986
1203 0.3257250000000568
1204 0.32437781999988147
1205 0.3282192200000281
1206 0.32819975999982487
1207 0.3259951000000001
1208 0.3263937399999122
1209 0.3292795400000614
1210 0.32693574000022635
1211 0.3285524400000213
1212 0.3288360400000784
1213 0.331797220000044
1214 0.3291548400000465
1215 0.330758059999971
1216 0.33253303999999845
1217 0.33223934000016014
1218 0.3352062999999362
1219 0.3332486999998764
1220 0.3323352200000954
1221 0.3366211400000793
1222 0.33388777999989544
1223 0.34042400000007544
1224 0.33603781999991045
1225 0.33859820000016044
1226 0.33815750000012484
1227 0.33823919999995267
1228 0.3384761199999048
1229 0.34178320000000895
1230 0.3417622799999663
1231 0.34111095999996904
1232 0.33933469999992666
1233 0.3407457599998452
1234 0.34479072000003724
1235 0.3425599999999577
1236 0.3402433800001745
1237 0.3441169999999147
1238 0.34683356000005006
1239 0.34562854000005244
1240 0.3459508000000824
1241 0.34792675999988204
1242 0.3467063000000053
1243 0.3465474199999335
1244 0.3453053000000182
1245 0.348431359999995
1246 0.34845211999991077
1247 0.3520354600000246
1248 0.34766840000011145
1249 0.34972959999986414
1250 0.3503445999998803
1251 0.352170500000102
1252 0.35290270000004964
1253 0.3547317200001089
1254 0.35320539999993344
1255 0.3550190199998724
1256 0.354649739999968
1257 0.3538326799999595
1258 0.3562546400001338
1259 0.35659465999988244
1260 0.35802020000000995
1261 0.35465042000014363
1262 0.3563222199998563
1263 0.3569949799999449
1264 0.3577340400000139
1265 0.35949869999994916
1266 0.35940322000005837
1267 0.36136136000004626
1268 0.358446560000084
1269 0.36249781999986225
1270 0.3608051599999271
1271 0.3622684200000549
1272 0.36390593999985865
1273 0.3642876200000501
1274 0.3626079800000298
1275 0.36453591999979834
1276 0.36592290000007777
1277 0.3652617800000371
1278 0.366972960000021
1279 0.36773706000003586
1280 0.36874171999997996
1281 0.37030533999995896
1282 0.37095468000006804
1283 0.3714453199998388
1284 0.3708139800000936
1285 0.3705049999997755
1286 0.37207058000012694
1287 0.3716491000001952
1288 0.37441716000003
1289 0.37325333999997384
1290 0.3748142600001302
1291 0.3769170800000211
1292 0.3770754800000759
1293 0.3766289200000756
1294 0.37658211999987545
1295 0.3748141000000942
1296 0.3789890199998808
1297 0.37675520000011603
1298 0.3783174199998939
1299 0.3795929999998407
1300 0.38360695999999733
1301 0.3823139799999808
1302 0.3824556599997777
1303 0.38217682000013153
1304 0.38312948000002506
1305 0.38092423999996755
1306 0.3825392600000669
1307 0.3831581599999481
1308 0.38533959999995204
1309 0.3868698800000857
1310 0.38840941999997086
1311 0.3878949200000534
1312 0.3873168200000691
1313 0.38793903999976465
1314 0.3880565999999817
1315 0.38786795999994866
1316 0.38945021999988966
1317 0.39165235999998915
1318 0.3901404599999296
1319 0.39087354000012053
1320 0.3906143000001066
1321 0.39300567999989655
1322 0.39304532000005565
1323 0.3942854000000807
1324 0.39413780000022597
1325 0.3959040599999753
1326 0.39394676000010803
1327 0.39714068000002956
1328 0.3961612399999467
1329 0.3958528999999544
1330 0.397135039999921
1331 0.39953740000000837
1332 0.39560706000002027
1333 0.3990422399998351
1334 0.3990533200001664
1335 0.40003044000004595
1336 0.40042113999998036
1337 0.4016262199998891
1338 0.4022382199998901
1339 0.4022455400000581
1340 0.4035605599999144
1341 0.42060983999999735
1342 0.4229148399999758
1343 0.40518968000005773
1344 0.4066336999999294
1345 0.4059835799999746
1346 0.4051289399999405
1347 0.4085492800000793
1348 0.4103574600001593
1349 0.409026139999969
1350 0.409679960000085
1351 0.41049033999997847
1352 0.41050842000004195
1353 0.4102524000001722
1354 0.4117833000000246
1355 0.41206714000009015
1356 0.41225258000013126
1357 0.41096961999992343
1358 0.41182205999984944
1359 0.4122158600000148
1360 0.4123601999999664
1361 0.41541624000010413
1362 0.4160853399998814
1363 0.42024552000002585
1364 0.41763553999999203
1365 0.4184692800001358
1366 0.41988549999996394
1367 0.41940313999994033
1368 0.4178459199999452
1369 0.41894404000004215
1370 0.4216687199999797
1371 0.4219808399998328
1372 0.42099886000005426
1373 0.4208810199999789
1374 0.42443539999994756
1375 0.42494654000010995
1376 0.4241318000000319
1377 0.4241129399999409
1378 0.42417183999996266
1379 0.4264015800001289
1380 0.4245410400000765
1381 0.42701390000011086
1382 0.427033720000054
1383 0.4288979599999038
1384 0.42792964000009304
1385 0.42967413999995185
1386 0.4303692399999818
1387 0.4307622000000265
1388 0.4317352999999457
1389 0.43302584000011846
1390 0.4340704999999616
1391 0.43362932
1392 0.4353150199999618
1393 0.4345280399999865
1394 0.4363723000000391
1395 0.4363532200000918
1396 0.4361506400001417
1397 0.43505937999998423
1398 0.43804796000013085
1399 0.43708237999999255
1400 0.4405408199999329
1401 0.439119380000102
1402 0.4401252999999997
1403 0.44072121999988667
1404 0.4411245400000553
1405 0.44234913999989656
1406 0.44483577999999396
1407 0.44541348000020664
1408 0.44192187999997257
1409 0.44199181999993015
1410 0.4417317600000388
1411 0.4479441600000428
1412 0.44504902000016955
1413 0.4493950799999766
1414 0.44848154000010254
1415 0.44801616000013383
1416 0.45278391999991074
1417 0.4498319799999081
1418 0.452242060000026
1419 0.4528391800000463
1420 0.4543606799998997
1421 0.45545846000013623
1422 0.4515909400000055
1423 0.4536358199999995
1424 0.4555354800000714
1425 0.45484468000004197
1426 0.4572510599999987
1427 0.4585302000000411
1428 0.45868072000012033
1429 0.4531806599999982
1430 0.46115328000014416
1431 0.4565021399998841
1432 0.4588048800000252
1433 0.4597500600000785
1434 0.462347359999967
1435 0.46240061999997123
1436 0.4628712399999131
1437 0.46199341999990795
1438 0.46307815999998636
1439 0.46392267999999603
1440 0.4660542199999327
1441 0.4643265399999109
1442 0.4663873999999851
1443 0.46708240000016304
1444 0.46910209999987273
1445 0.46863484000014066
1446 0.47032388000006903
1447 0.46884282000000893
1448 0.47159144000006564
1449 0.4715626600001087
1450 0.4737827800000559
1451 0.4718989999999394
1452 0.47338795999994543
1453 0.4740580200000295
1454 0.4755012999999053
1455 0.47523240000009537
1456 0.47615562000000866
1457 0.47600271999999677
1458 0.4765500599999541
1459 0.4777790600000117
1460 0.4765245399999912
1461 0.4782973600001242
1462 0.48130582000003413
1463 0.4823651999999129
1464 0.4829801000000771
1465 0.4798400399999082
1466 0.482902699999795
1467 0.4830122599999413
1468 0.48301446000004944
1469 0.48459291999988635
1470 0.4837289000000965
1471 0.4875011400000403
1472 0.4849880199999461
1473 0.49001809999990653
1474 0.48737490000012257
1475 0.4902512399998159
1476 0.48805955999996514
1477 0.49091020000005303
1478 0.49099187999991045
1479 0.4891356000000087
1480 0.4927447000000029
1481 0.49176045999984125
1482 0.4920787400000336
1483 0.49441737999995894
1484 0.49338228000005985
1485 0.49558827999999266
1486 0.494117979999919
1487 0.49739967999994406
1488 0.49534545999986224
1489 0.4966440400000465
1490 0.5012966599998435
1491 0.5006287600001087
1492 0.5024221999999099
1493 0.5036995399999796
1494 0.4978771000000961
1495 0.4988032999999632
1496 0.5033568199999536
1497 0.5007207200001176
1498 0.5039335999998912
1499 0.5080757599997924
1500 0.5018617600000652
1501 0.5083938599998874
1502 0.5108211599999777
1503 0.5041627399999925
1504 0.5112536600000567
1505 0.5086554600000455
1506 0.5095065799999248
1507 0.5114645200000268
1508 0.5095399800000451
1509 0.5131430399999772
1510 0.5104325599998447
1511 0.5088676400000622
1512 0.5147150799999508
1513 0.511754799999926
1514 0.515422959999978
1515 0.5191851199999291
1516 0.5175291799998376
1517 0.5150228000000425
1518 0.517336719999912
1519 0.5179497399999491
1520 0.5212211000000024
1521 0.5227969200000189
1522 0.5219086800000696
1523 0.5190623999999844
1524 0.519803359999969
1525 0.5200926599998639
1526 0.5198949200000242
1527 0.5245061999999052
1528 0.5265803599999345
1529 0.523192040000049
1530 0.5218777600000066
1531 0.526146719999997
1532 0.5238690800001677
1533 0.529005799999959
1534 0.5307487599999149
1535 0.5262348000000202
1536 0.5320521600000575
1537 0.5309968999999001
1538 0.5348340599999574
1539 0.5316875399998935
1540 0.5333142400001634
1541 0.5366329799999221
1542 0.5323489600001267
1543 0.531577180000113
1544 0.5357550000000628
1545 0.5407308999999259
1546 0.5358166000000892
1547 0.5380975400000352
1548 0.5375244000000748
1549 0.5358839999998054
1550 0.5349646400000893
1551 0.541828120000082
1552 0.5386867800000801
1553 0.5427998000001025
1554 0.5438427000000047
1555 0.5432515000000422
1556 0.5446954799998821
1557 0.5452432400000362
1558 0.5450180799999543
1559 0.547020380000049
1560 0.5470196599999326
1561 0.5479159600000457
1562 0.5482806600001823
1563 0.5475910200001636
1564 0.5493999199999962
1565 0.5506104799999776
1566 0.5529028199999629
1567 0.5496866599999521
1568 0.5514692599999762
1569 0.5531420400000571
1570 0.5541989400001512
1571 0.5530846000000565
1572 0.5533720999999787
1573 0.5535477999999785
1574 0.555710580000141
1575 0.5587651600001664
1576 0.5581818399999066
1577 0.5615678200001639
1578 0.556113920000098
1579 0.5585969200000364
1580 0.5566360199999508
1581 0.5608944199999314
1582 0.5616183800000727
1583 0.5640911199999209
1584 0.5635750399998869
1585 0.5616021200000432
1586 0.5664914199999658
1587 0.5677514600000905
1588 0.5675142800001595
1589 0.5676019000000452
1590 0.5670076399999744
1591 0.5648491599999943
1592 0.5713526000000456
1593 0.5657165199999327
1594 0.5676827400000548
1595 0.5727644399999917
1596 0.5711987399999089
1597 0.5736090000000331
1598 0.5757497600001443
1599 0.5748804599999857
1600 0.5766682399999808
1601 0.58017058000014
1602 0.5793093800001771
1603 0.5768950400000904
1604 0.5751290600001084
1605 0.5805058799999643
1606 0.5772665600000437
1607 0.5784935199999381
1608 0.5777631799999654
1609 0.5773486399999456
1610 0.5843361399999594
1611 0.5833894200000941
1612 0.5838313999999627
1613 0.5838919199999509
1614 0.5830049600000166
1615 0.5870281599999544
1616 0.5865105000000768
1617 0.5906323799999882
1618 0.5890228600001137
1619 0.5900605400000132
1620 0.5906117999999878
1621 0.5911104200001318
1622 0.5909347199999502
1623 0.590232879999894
1624 0.5913898599998901
1625 0.5918395599998802
1626 0.5976400800001102
1627 0.5975814599999467
1628 0.5947677999998632
1629 0.5942841400000362
1630 0.5976869399999487
1631 0.5990271600000596
1632 0.5980978399999912
1633 0.5983366399998886
1634 0.5969280199999958
1635 0.5939510399999562
1636 0.6025275199999669
1637 0.6027125999999953
1638 0.6041005199999745
1639 0.6042335799998909
1640 0.6022479800000837
1641 0.599467679999907
1642 0.6089606399999866
1643 0.6024622999999337
1644 0.6084864399999788
1645 0.613500219999969
1646 0.607524099999955
1647 0.6068540999999641
1648 0.6086702399999012
1649 0.6096759800001564
1650 0.6123790999999074
1651 0.6177561199999217
1652 0.6122820200001116
1653 0.6166078600000219
1654 0.6161977799998567
1655 0.6150210599999809
1656 0.617755279999983
1657 0.6155915200000891
1658 0.6176719600000069
1659 0.6211966399999256
1660 0.6178516400000262
1661 0.6191550000000461
1662 0.622791480000069
1663 0.6215763599999263
1664 0.6251956000000064
1665 0.6195123000000422
1666 0.6244104999998854
1667 0.6259666399999333
1668 0.6273811200001547
1669 0.6268605400001434
1670 0.6285297999999784
1671 0.6265976599998794
1672 0.6254033999998683
1673 0.6251992400000745
1674 0.6329543599999852
1675 0.6294936199999939
1676 0.6290573799999948
1677 0.6343543599999976
1678 0.6322109800001272
1679 0.6321457999999438
1680 0.6324314399998912
1681 0.6343356399998811
1682 0.6338700199999039
1683 0.6349615399999493
1684 0.6388073199998872
1685 0.637386719999904
1686 0.6368475399999625
1687 0.6385796599998684
1688 0.6369098200000736
1689 0.6441912200000843
1690 0.6395550999999614
1691 0.6421281199999612
1692 0.6476205999998456
1693 0.6456150800001523
1694 0.6440153200000168
1695 0.6463256399999409
1696 0.6473458599999503
1697 0.6486698799999431
1698 0.647081899999921
1699 0.6481869599999299
1700 0.6478276799998639
1701 0.6522846600000776
1702 0.6548215200000413
1703 0.6517284600000494
1704 0.6586468199999217
1705 0.6724254799998561
1706 0.6564313400000173
1707 0.6553095400000529
1708 0.6578321999999389
1709 0.6578582199999801
1710 0.655885859999944
1711 0.6570902600000409
1712 0.6570956999999907
1713 0.6591233200000716
1714 0.6588881400000901
1715 0.6609867999999551
1716 0.6608286599999701
1717 0.6645988000000216
1718 0.665645239999867
1719 0.6635623600000145
1720 0.6639269199999944
1721 0.6661896599999636
1722 0.668941840000025
1723 0.6661699999998746
1724 0.6709150799999406
1725 0.6677103799999713
1726 0.6702072399998542
1727 0.6687084400001367
1728 0.6724037200001476
1729 0.6742402399998355
1730 0.6805743600000824
1731 0.7222120200000972
1732 0.7181526599999415
1733 0.672555580000153
1734 0.6763370400000894
1735 0.6749087800000779
1736 0.6785788799999863
1737 0.6790224399998805
1738 0.6820455999999467
1739 0.6779114399999344
1740 0.6802686600000925
1741 0.6837878199999977
1742 0.683507820000068
1743 0.6837734999999157
1744 0.684503560000121
1745 0.6870428599999286
1746 0.687780020000082
1747 0.7205431800000952
1748 0.7010230200000478
1749 0.6859879800000271
1750 0.6926441199999317
1751 0.6876331000000391
1752 0.6903348599999845
1753 0.6974069800000506
1754 0.6944306599999436
1755 0.6891479599999002
1756 0.6982167799999843
1757 0.6938393999999789
1758 0.6949941200000467
1759 0.6976871400001073
1760 0.6958805600000233
1761 0.7014700800000355
1762 0.7001855600000454
1763 0.6964890599999307
1764 0.7021955200000776
1765 0.703785440000047
1766 0.701764539999931
1767 0.702958640000088
1768 0.7055006200000207
1769 0.702945340000042
1770 0.7088061800001924
1771 0.7056991599999491
1772 0.7069680999998127
1773 0.7071424599998863
1774 0.7066927400000168
1775 0.7126447399999052
1776 0.7104288600000472
1777 0.7093368400001054
1778 0.7114494000000378
1779 0.7144664399999783
1780 0.713685820000137
1781 0.7141570800000409
1782 0.7212588200000027
1783 0.7123484200000348
1784 0.7127056600000288
1785 0.7156177799999568
1786 0.7206740599999648
1787 0.7182247600000664
1788 0.7231819999999061
1789 0.7205211999999847
1790 0.7251995399999942
1791 0.7222447400000419
1792 0.7221478800001023
1793 0.722193900000093
1794 0.7251348400001006
1795 0.724756460000026
1796 0.7252035799998339
1797 0.7278755199999978
1798 0.7294613600000048
1799 0.7313528000000588
1800 0.7283429200000683
1801 0.7290279399999235
1802 0.7289692599998489
1803 0.7345079400000032
1804 0.7344050000000607
1805 0.7302203600000212
1806 0.7321058800000173
1807 0.7345350999999937
1808 0.7430443600000217
1809 0.7318984000000455
1810 0.7372710200000256
1811 0.7369504999999663
1812 0.7358615000000099
1813 0.7442186199999924
1814 0.743496420000065
1815 0.7448451999999633
1816 0.7439840000001823
1817 0.7447899000000688
1818 0.7425901400001749
1819 0.7414869399999588
1820 0.7455472200000258
1821 0.7476065000000744
1822 0.7479379999999765
1823 0.7494005400001698
1824 0.7496552600000541
1825 0.7488332200001423
1826 0.7472063999999591
1827 0.7517945399999917
1828 0.7515823199999432
1829 0.7540106799999193
1830 0.7559850000000552
1831 0.7505819999999404
1832 0.752402500000153
1833 0.7577150400000392
1834 0.7578839200000402
1835 0.7564828000000489
1836 0.7583833400000003
1837 0.758599619999768
1838 0.7572605600002135
1839 0.765190519999851
1840 0.7637362599998596
1841 0.7612927999998647
1842 0.7628790399998252
1843 0.7639966000000641
1844 0.7637181399999463
1845 0.7690825999998196
1846 0.7960681200000181
1847 0.7681011199998465
1848 0.767969500000072
1849 0.8060551800001121
1850 0.7801579999999376
1851 0.7699982799997087
1852 0.772872400000233
1853 0.7722482799999852
1854 0.770322540000052
1855 0.7734783200001403
1856 0.7744704200002162
1857 0.7784470399999919
1858 0.7793720400002713
1859 0.7748297200001616
1860 0.7784803799999281
1861 0.7854221600002347
1862 0.7802742200003194
1863 0.7847518000000491
1864 0.7813513400000375
1865 0.7825898999997662
1866 0.7839748200000031
1867 0.7888851199999408
1868 0.7879509000000325
1869 0.7845815200002108
1870 0.7875488199999381
1871 0.7912327999998524
1872 0.791525239999828
1873 0.7890561399999569
1874 0.7928134600002522
1875 0.7927760399999897
1876 0.7937681400000656
1877 0.7967678800001522
1878 0.790588679999928
1879 0.798741279999922
1880 0.7909960000000865
1881 0.7938084799998251
1882 0.7967143200001374
1883 0.7999457399999301
1884 0.7958549599999969
1885 0.8027277999999569
1886 0.8026686800001699
1887 0.8084141999999701
1888 0.8014936400000806
1889 0.8010289199999534
1890 0.8013101000000461
1891 0.8075334400000429
1892 0.8047716400002173
1893 0.8049272199999905
1894 0.8059961799999655
1895 0.8099788999998054
1896 0.8040125999999873
1897 0.8109527200002049
1898 0.8116636000000653
1899 0.815861859999859
1900 0.8120871799997985
1901 0.8177545800001098
1902 0.8163514199999554
1903 0.8168391400000473
1904 0.8104354600001897
1905 0.8166910200001439
1906 0.817326999999932
1907 0.8236576600000263
1908 0.8169633600000452
1909 0.82229126000002
1910 0.8227092600001924
1911 0.8252359599999182
1912 0.8277123600000778
1913 0.8270781999999599
1914 0.8249593799999275
1915 0.8229024600002959
1916 0.8301541999999245
1917 0.8314042600000903
1918 0.8325679199999285
1919 0.8355303200001799
1920 0.8350107399999616
1921 0.8374079600000186
1922 0.8301067800000965
1923 0.8252274200000101
1924 0.8296014600002308
1925 0.8343595999998797
1926 0.8365661400001045
1927 0.8310065799998483
1928 0.8434129999999641
1929 0.835165440000128
1930 0.8364073400000052
1931 0.8417867799997112
1932 0.8423171599997659
1933 0.83947907999991
1934 0.8443549600000552
1935 0.8468060400002286
1936 0.8448710199998459
1937 0.8475355000000491
1938 0.8452029200001562
1939 0.8503261600000769
1940 0.8446492400002171
1941 0.8523578599999382
1942 0.8468025199999829
1943 0.8508673400001499
1944 0.8500929399999222
1945 0.8529697800000576
1946 0.8516253599997071
1947 0.8530797999999777
1948 0.855559059999905
1949 0.8546263199998065
1950 0.8523880599997937
1951 0.8578587399999378
1952 0.8547061799999938
1953 0.8569970800002921
1954 0.8552901799996107
1955 0.8617123599999104
1956 0.8602252599999701
1957 0.8614960800001427
1958 0.8665930800001661
1959 0.8613183399998888
1960 0.8617925400001696
1961 0.8631186399998114
1962 0.8662780000002386
1963 0.8619560999999522
1964 0.8736005599996133
1965 0.8709954399999333
1966 0.8690429800000856
1967 0.8716162599999734
1968 0.8694983799998226
1969 0.8719962199998917
1970 0.8738157800000408
1971 0.8729263200000787
1972 0.8764105199999903
1973 0.8780305199999929
1974 0.8754192000002149
1975 0.8743559800001094
1976 0.8820276400001603
1977 0.8817460199999914
1978 0.8808667600000263
1979 0.8875296000000162
1980 0.8796410799997829
1981 0.8856416599999648
1982 0.8886048000003939
1983 0.8821309199998723
1984 0.8907385000000432
1985 0.8904290400001628
1986 0.8862977600001614
1987 0.8903710799999317
1988 0.8913163999999597
1989 0.8901652999998987
1990 0.8911595000001398
1991 0.8921778600004473
1992 0.8962819000000308
1993 0.8913997999999992
1994 0.9003592999997636
1995 0.8967026599997553
1996 0.9006270199999562
1997 0.9005584600001384
1998 0.8955879000001005
1999 0.9014135400000669
2000 0.900452899999982
