1 9.94000001810491e-06
2 5.779999946753378e-06
3 7.65999993745936e-06
4 9.759999966263421e-06
5 1.1899999935849338e-05
6 1.3999999964653398e-05
7 1.609999990250799e-05
8 1.830000001064036e-05
9 2.0920000042679022e-05
10 2.652000002854038e-05
11 2.5360000063301413e-05
12 2.7219999992667e-05
13 2.9060000042591127e-05
14 3.132000001642155e-05
15 3.4340000001975565e-05
16 3.560000000106811e-05
17 3.75799999346782e-05
18 3.9719999995213585e-05
19 4.210000001876324e-05
20 4.430000003594614e-05
21 4.600000002028537e-05
22 4.837999999836029e-05
23 5.049999995208054e-05
24 5.4080000018075226e-05
25 5.5860000020402365e-05
26 5.745999997088802e-05
27 5.934000000706874e-05
28 6.188000006659422e-05
29 6.346000000121422e-05
30 6.616000005124078e-05
31 6.789999993088714e-05
32 6.948000000193134e-05
33 7.303999996111088e-05
34 7.442000000992265e-05
35 7.725999998910992e-05
36 7.930000001579173e-05
37 8.272000000033585e-05
38 8.834000004753761e-05
39 8.656000004521047e-05
40 0.00010980000006384216
41 9.05999999758933e-05
42 9.090000003197929e-05
43 9.426000001440115e-05
44 9.504000004199043e-05
45 9.558000006109069e-05
46 0.00010000000002037268
47 0.00010207999994236162
48 0.00010508000000299944
49 0.00010726000000431668
50 0.00010918000002675398
51 0.00011457999999038293
52 0.0001149400000940659
53 0.00011810000000878063
54 0.00011866000004374655
55 0.00012058000002070912
56 0.00012509999996836995
57 0.00012348000000201865
58 0.00012424000001374225
59 0.00012516000001596694
60 0.00012756000005538227
61 0.00012988000003133493
62 0.0001370800000586314
63 0.0001360800000384188
64 0.00014058000001568872
65 0.00013847999994140992
66 0.0001388800000768242
67 0.0001423799999884068
68 0.0001445200000944169
69 0.00015768000007483353
70 0.00014948000002732443
71 0.00015234000006785208
72 0.00015353999997387292
73 0.00015755999997963955
74 0.0001574200000050041
75 0.0001606199999969249
76 0.00016236000005847017
77 0.00016513999994458573
78 0.00016682000000400876
79 0.00016814000000522355
80 0.00017054000004463888
81 0.00017410000004929315
82 0.00017830000006142656
83 0.0001779400000032183
84 0.00017865999993773584
85 0.0001821599999402679
86 0.00018137999995815335
87 0.0001849199999924167
88 0.00018657999999049935
89 0.0001893600000130391
90 0.0002066600000489416
91 0.00019664000001284876
92 0.0001978799999506009
93 0.00020237999997334554
94 0.00020650000001296576
95 0.00020634000002246468
96 0.00020597999996425643
97 0.00021433999995679187
98 0.00021430000001601
99 0.00021536000003834487
100 0.0002163399999972171
101 0.00023166000005403475
102 0.00021912000001975685
103 0.00022141999997984385
104 0.0002244799999971292
105 0.00022502000001622946
106 0.00024934000002758695
107 0.00023155999997470644
108 0.0002328800000668707
109 0.00023447999997188161
110 0.00024063999994723418
111 0.00024062000011326745
112 0.00024113999998007785
113 0.0002479799999946408
114 0.00024639999996907137
115 0.0002726400000483409
116 0.0002517199999601871
117 0.0002524999999877764
118 0.00025271999998039975
119 0.0002551400000356807
120 0.0002681200000552053
121 0.00025492000004305736
122 0.00025811999998950343
123 0.00025653999996393394
124 0.0002603599999929429
125 0.00026506000003792
126 0.00026576000009299606
127 0.000283320000016829
128 0.00027629999999589927
129 0.0002745400000094378
130 0.00027829999999084976
131 0.0002802599999540689
132 0.0002808600000662409
133 0.00028903999996146015
134 0.00028693999993265604
135 0.00029180000001360895
136 0.0002945399999134679
137 0.00031698000007054363
138 0.0002947199999653094
139 0.00031656000005568784
140 0.00029792000004817963
141 0.00029994000001352104
142 0.00032372000000577825
143 0.0003058599999803846
144 0.0003072599999086378
145 0.00030846000004203233
146 0.00032699999997021223
147 0.00031602000003658757
148 0.000321059999987483
149 0.00032167999993362175
150 0.00032387999999627937
151 0.000327659999993557
152 0.0003302799999346462
153 0.0003321000000596541
154 0.0003323999999793159
155 0.000354159999960757
156 0.00034743999999591323
157 0.0003509000000121887
158 0.0003530599999521655
159 0.0003544000000147207
160 0.00036135999998805347
161 0.00035910000001422305
162 0.0003583800000797055
163 0.00036190000005262843
164 0.0003655800000160525
165 0.0003846000000976346
166 0.0003653400000075635
167 0.0003588000000036118
168 0.0003627000000051339
169 0.0003607399999509653
170 0.00036521999995784424
171 0.0003663199999664357
172 0.0003672999999707827
173 0.0003680399999666406
174 0.0003731600000719482
175 0.00041651999999885446
176 0.0003733599999577564
177 0.0003706799999690702
178 0.000377200000002631
179 0.00037679999995816616
180 0.0003821799999514042
181 0.00038823999998385263
182 0.0003836800000044605
183 0.00038465999996333266
184 0.0004569599999740603
185 0.0004192599999896629
186 0.000408460000062405
187 0.0004067000000304688
188 0.0004230200000165496
189 0.00041395999996893804
190 0.0004148400000303809
191 0.000418939999963186
192 0.0004397199999402801
193 0.0004132200000185549
194 0.00042444000000614325
195 0.0004372800000055577
196 0.00042858000001615436
197 0.000430240000014237
198 0.00043665999992299477
199 0.00048217999997177683
200 0.0004375399999844376
201 0.00045778000003338093
202 0.0004425999999966734
203 0.0004574199999751727
204 0.0004453999998986546
205 0.0004364599999917118
206 0.00044858000001113396
207 0.00045454000000972884
208 0.0004419400000188034
209 0.00045083999993948963
210 0.0004554799999368697
211 0.0004588000000239845
212 0.0004524599999513157
213 0.0004502600000250823
214 0.00045288000005712093
215 0.00045750000003863533
216 0.00045759999998153946
217 0.00046133999994708575
218 0.00046464000001833483
219 0.00047054000006028216
220 0.00046616000004178203
221 0.0004678999999214284
222 0.0004708199999640783
223 0.000471019999940836
224 0.0005089200000384153
225 0.00047816000001148494
226 0.00048136000004888045
227 0.00048348000000260073
228 0.0004997399999865593
229 0.0004898200000297947
230 0.0005437999999685416
231 0.0005021800000577059
232 0.0005047000001013657
233 0.0005079200000182027
234 0.0005091400000310387
235 0.0005137800000284187
236 0.0005078199999388744
237 0.0005113399999117973
238 0.0005022599999847443
239 0.000512200000048324
240 0.0005547199999909935
241 0.0006290999999691849
242 0.0006511199999749806
243 0.0005194999999730499
244 0.0005179799999496026
245 0.0005194400000164024
246 0.0006053599999631843
247 0.0005321399999957066
248 0.0005286800000249059
249 0.0005411199999798555
250 0.00053659999998672
251 0.0005408399999851099
252 0.0005668999999670632
253 0.000578319999976884
254 0.0005414800000380637
255 0.0005571400000462745
256 0.0005648800000017217
257 0.0005630000000110158
258 0.000547160000041913
259 0.0005944400000316818
260 0.0005622999999559397
261 0.0005726799999138166
262 0.0005699600000298233
263 0.0005736400000841968
264 0.0005744600000070932
265 0.0005772600000454986
266 0.0005781200000001263
267 0.000581099999953949
268 0.0005928800000674528
269 0.0007371999999122636
270 0.0005734800000027462
271 0.0005749599999944621
272 0.0005790200000319601
273 0.0005791400000816794
274 0.0005816000000322674
275 0.000615460000017265
276 0.000594100000034814
277 0.0005930199999966135
278 0.0006138799999462208
279 0.0006253599999581638
280 0.000599240000019563
281 0.0005957599999419471
282 0.000591060000078869
283 0.000607960000024832
284 0.0006092000000535336
285 0.0006190199999764445
286 0.0006102800000462594
287 0.0006167399999867484
288 0.0006175399999847287
289 0.0006211600000369799
290 0.0006239999999706925
291 0.0006285000000843865
292 0.0006271400000059657
293 0.000624400000060632
294 0.0006285200000093027
295 0.0006282399999690824
296 0.0006496399999832647
297 0.0006329400000140595
298 0.0006362199999784934
299 0.0006499600000097417
300 0.0006378000000495376
301 0.0006447200000366138
302 0.0006680999999844062
303 0.0006516999999348627
304 0.000637540000025183
305 0.0006378000000040629
306 0.0006472400000347989
307 0.0006589800000710965
308 0.0006548800000473421
309 0.0006623799999943003
310 0.0006699199999729899
311 0.0006635799999457958
312 0.0006737399999565241
313 0.0006664400000317983
314 0.0006726000000071508
315 0.0006705400000555529
316 0.0006707799999730923
317 0.000708180000037828
318 0.000726200000008248
319 0.0007243799999741895
320 0.0007186199999523524
321 0.0007217999999738822
322 0.0007366199999978562
323 0.0007077200000367156
324 0.000712840000005599
325 0.0007113000000117609
326 0.000714780000043902
327 0.0007298399999854155
328 0.0007121799999367795
329 0.000716660000034608
330 0.0007174200000463315
331 0.0007236199999624659
332 0.0007552399999894988
333 0.0007319800000004761
334 0.0007135799999559822
335 0.0007186400000136928
336 0.0007180200000220793
337 0.0007856199999423553
338 0.0007779999999911524
339 0.0007822600000508828
340 0.0007636000000275089
341 0.0007468799999969633
342 0.0007295599998997204
343 0.0007342200000493903
344 0.0007287799999630806
345 0.0007355600000209961
346 0.0007591200000206299
347 0.0007635400000708614
348 0.0007535599999755505
349 0.0007523800000399205
350 0.0007835799999611481
351 0.0007495599999856495
352 0.0007513800000197079
353 0.0007490800000141462
354 0.0007521600000472972
355 0.0007648800000879419
356 0.0007402199998978176
357 0.0007466000000022177
358 0.0008023199999570352
359 0.0007961000000250351
360 0.0007510400000228401
361 0.0007535000000189029
362 0.0007656599999791069
363 0.0007663199999569769
364 0.000803559999940262
365 0.0007958800000778865
366 0.000796379999974306
367 0.0007650199999716279
368 0.0007688199999847711
369 0.0007678200000100332
370 0.0007704000000103405
371 0.0007711599999311147
372 0.0007748799998807954
373 0.0007760400001188827
374 0.0007987799999227719
375 0.0008062799999152048
376 0.0008048799998960021
377 0.000813739999966856
378 0.0007967200000166486
379 0.0007929800000056275
380 0.0007942600000205857
381 0.0007988600000771839
382 0.0008005600000160484
383 0.0008044000000154483
384 0.000897620000068855
385 0.0008446800000456278
386 0.0008661800000027142
387 0.0008451200000308745
388 0.0008352800000466232
389 0.0008644400000321184
390 0.0008767199999965669
391 0.0008845400000154768
392 0.0008849599999393831
393 0.0008837399998810724
394 0.00086725999999544
395 0.0008719200000086857
396 0.0008764000000155648
397 0.0008739199999581615
398 0.0008696600000348553
399 0.0008719399999790767
400 0.000886560000026293
401 0.0008562800001072901
402 0.0008593399999881513
403 0.0008536600000297768
404 0.0009217399999670306
405 0.0008628800000224146
406 0.0008637599999474332
407 0.0008657799999582493
408 0.0009023800000704796
409 0.0009229799999957323
410 0.0009068200000001525
411 0.0008990000000267173
412 0.0009404800000083924
413 0.0008899399999791058
414 0.0009117600000081438
415 0.0009087000000363333
416 0.0008950000000368163
417 0.00087347999992744
418 0.0008760799999890878
419 0.0008781999999882828
420 0.0009022600000662351
421 0.0009419200000593264
422 0.0009128599999257859
423 0.0009180000000014843
424 0.000913040000023102
425 0.0009142399998836482
426 0.0009098800000174378
427 0.0009262800000215066
428 0.0009194999999635912
429 0.000910939999994298
430 0.0009256399999685528
431 0.0009590599999683036
432 0.0009616799999548675
433 0.0009615200000553159
434 0.0009669800000210671
435 0.0009587800000190327
436 0.0009501799999270588
437 0.0009675199999946926
438 0.0009706400000141002
439 0.0009640400000080262
440 0.000963739999997415
441 0.0009713600000395672
442 0.0009670600000845298
443 0.0009699999999611464
444 0.000983979999955409
445 0.0009747800000695861
446 0.0009756200000083481
447 0.000985519999949247
448 0.0009896000000026105
449 0.0009857200000169541
450 0.000995580000062546
451 0.0009877599999981613
452 0.0009895999999571358
453 0.000996499999973821
454 0.0009923999999955414
455 0.0009721600000375475
456 0.0009744199999659031
457 0.0009769199999936974
458 0.0009798399999908724
459 0.0009826600000451436
460 0.0009740200000578625
461 0.001004099999954633
462 0.000987440000017159
463 0.0009856000000127096
464 0.0009909399999742164
465 0.000989999999956126
466 0.0009864200000265556
467 0.0010062200000447775
468 0.0010015799999564478
469 0.000999679999995351
470 0.0010140799999589945
471 0.0010101400000166905
472 0.0009815599999910773
473 0.0009881599999971512
474 0.0010286999998697865
475 0.001028900000028443
476 0.0010248599999158614
477 0.0010303200000635116
478 0.0010303599999588187
479 0.0010422200000448356
480 0.0010631000000103086
481 0.0010576399999990826
482 0.0010385399999449873
483 0.0010447199999816803
484 0.0010544600000685022
485 0.001046200000018871
486 0.001048319999972591
487 0.0010471600000073523
488 0.0010649999999259308
489 0.0011150000000270666
490 0.0011048199999549979
491 0.0011099000000285742
492 0.0010943000000224856
493 0.0010985999999320484
494 0.0011004800001046533
495 0.001104460000033214
496 0.0011266800000157672
497 0.0011196600000403123
498 0.0010685599999760598
499 0.0010696599999391765
500 0.001039840000021286
501 0.0010473000000274623
502 0.0010451800000282675
503 0.0010485199999948236
504 0.0010461800000030053
505 0.0010606199999983802
506 0.001055019999967044
507 0.0010536799999954383
508 0.0010587199999918084
509 0.0010648399999354297
510 0.0010869199999888224
511 0.0011195000000498111
512 0.0011093599999185244
513 0.0011112799999864365
514 0.0011191000000053465
515 0.0011496200000237877
516 0.0011181599999417814
517 0.0011224400000173773
518 0.0011294799999177485
519 0.0011336000000937928
520 0.0011427800000546994
521 0.0011266199999681703
522 0.001113699999950768
523 0.0011337999999341264
524 0.0011398799999824405
525 0.0011404000000311497
526 0.0011430599999584957
527 0.0011484399999972083
528 0.0011593799999900511
529 0.0011494199999560807
530 0.0011488000000099419
531 0.0011722200000349402
532 0.0011663599999792496
533 0.0011802200000147422
534 0.001178260000051523
535 0.0011920399999326037
536 0.0011798600000020088
537 0.0011672399999497428
538 0.0011801000000559725
539 0.00117552000001524
540 0.0011737200000425218
541 0.0011883599999691797
542 0.0011851400000068679
543 0.0011858999999731167
544 0.0011969600000156788
545 0.0011806800000158546
546 0.001163540000015928
547 0.0011748600000373699
548 0.0011902200000804442
549 0.0011963399999785906
550 0.0012097600000288366
551 0.0011787400000230265
552 0.0011724599999979545
553 0.0012024400000427704
554 0.0011782600000060483
555 0.0011733600000297883
556 0.001187179999988075
557 0.0011862599999403756
558 0.001182699999981196
559 0.0011915399999907095
560 0.0011895000000095024
561 0.0011929799999506941
562 0.0011949600000207283
563 0.0012000599999282713
564 0.0012007599999833475
565 0.0012019400000099268
566 0.001239739999982703
567 0.0012499999999363355
568 0.0012318999999934022
569 0.0012379199999486446
570 0.001232960000015737
571 0.0012657999999646564
572 0.0012808599999061699
573 0.0012966800000413059
574 0.0012628999999378721
575 0.0012696000000687491
576 0.001263539999990826
577 0.0012335599999914848
578 0.0012358799999219628
579 0.0012603599999692961
580 0.0012690199999724427
581 0.0012803799999801413
582 0.0012568200000259821
583 0.0012438600000223231
584 0.0012644600000385254
585 0.0012616399999387795
586 0.0012597199999163423
587 0.0012679799999659735
588 0.0012761999999838735
589 0.0013173399999686808
590 0.0012792200000149023
591 0.0012541200000214304
592 0.0012701600000127656
593 0.0013130200000432523
594 0.0013108400000419352
595 0.0013077400000383933
596 0.0012988399999812827
597 0.0013037599999734084
598 0.001310399999965739
599 0.0013070200000129262
600 0.0013172599999506929
601 0.0013137600000391104
602 0.0012860399999226502
603 0.0013130799999544252
604 0.0012956999999914841
605 0.0012961400000222056
606 0.0012928999999985535
607 0.0012915199999497418
608 0.0013085800000681048
609 0.0012977400000636409
610 0.0012997400000131164
611 0.0013342600000214588
612 0.001337000000057742
613 0.001345099999980448
614 0.0013549000000693922
615 0.0013383799999701295
616 0.0013340200000584446
617 0.0013382199999796285
618 0.0013385800000378367
619 0.0013465599999562983
620 0.0013605999999981577
621 0.0013422799999716517
622 0.0013531000000057247
623 0.0013314199999513222
624 0.001329899999927875
625 0.0013346000000183267
626 0.0013624600000639476
627 0.0013648199999352073
628 0.0013696600000457694
629 0.0013664999999491556
630 0.0013612400000056369
631 0.0013688599999568396
632 0.0013801000000057684
633 0.001381820000051448
634 0.0013756600000306208
635 0.0013852200000201264
636 0.0013790200000585173
637 0.001388020000013057
638 0.0013895200000206386
639 0.001396759999988717
640 0.0013925600000220585
641 0.0013959799999611277
642 0.0013909199999943666
643 0.0014004600000134815
644 0.0014042000000699772
645 0.001399680000031367
646 0.0014014200000019628
647 0.0014020400000845257
648 0.0014141799999379146
649 0.001421020000043427
650 0.0013923600000453006
651 0.0013579800000570685
652 0.0013614799999231765
653 0.001357319999988249
654 0.0013651799999934155
655 0.0013626200000089739
656 0.0013646399999288406
657 0.0013683999999557273
658 0.0013724999999794817
659 0.0013842400000157796
660 0.0013821599999573665
661 0.0013893600000301376
662 0.0013924999999744615
663 0.0013915999999426277
664 0.001389259999996284
665 0.0013881800000035583
666 0.0013950999999906345
667 0.0014767400000437192
668 0.001461939999990136
669 0.0014636800000062066
670 0.001455660000010539
671 0.0014909600000464706
672 0.0014734000000316883
673 0.001476379999985511
674 0.001465879999977915
675 0.001484119999986433
676 0.0014688999999634689
677 0.0014705400000366354
678 0.001476139999977022
679 0.0014732600000570528
680 0.001472200000034718
681 0.0014800199999626784
682 0.0014901000000463681
683 0.0014918399999714893
684 0.001482880000003206
685 0.001491900000064561
686 0.0014948399999411776
687 0.0014876999999160034
688 0.0014888199999859354
689 0.0014932999999928143
690 0.0014856199999940145
691 0.0015109400000255847
692 0.0015585600000122212
693 0.0015198999999938678
694 0.0014901000000008934
695 0.0014819600000009815
696 0.0014794399999573215
697 0.0014820200000485785
698 0.0014793400000598922
699 0.0014905800000178716
700 0.0014826000000539353
701 0.0014913199999682547
702 0.0014858800000183692
703 0.0014954799999486567
704 0.001490679999915301
705 0.0015049200000248676
706 0.0014975800000684102
707 0.0015046799999709037
708 0.0015022599999156227
709 0.0015104399999927409
710 0.0015112800000224524
711 0.0015349199999945995
712 0.0015258200000062062
713 0.0015151399999922433
714 0.0015252400000008493
715 0.0015249199999743724
716 0.0015266200000041863
717 0.0015377800000351272
718 0.001525320000064312
719 0.0015446399999746064
720 0.0015369400000054157
721 0.0015444799998931558
722 0.0015634800000498216
723 0.0015863400000398543
724 0.0015841999999793189
725 0.0015822200000457087
726 0.0015881399999670975
727 0.0015850199999931647
728 0.0015862200000356097
729 0.0016031200000270474
730 0.0015901999999641703
731 0.0015429399999902671
732 0.0015972000000601839
733 0.0015393199999834905
734 0.0015472999999929017
735 0.0015471400000478751
736 0.0015400399999634829
737 0.0015501400000175636
738 0.0015686399999594869
739 0.0015870599999743718
740 0.0015853599999445579
741 0.0015894799999387032
742 0.0015884199999618431
743 0.0015888800000084303
744 0.0015767000000778352
745 0.0015472000000499974
746 0.0015690799999447335
747 0.0015530800000306045
748 0.0015466199999991659
749 0.001556299999992916
750 0.0015542799998911506
751 0.0016050399999585352
752 0.0015650200000436598
753 0.0015644600000541686
754 0.0015594000000874076
755 0.0015683000000080937
756 0.0015928200000871584
757 0.0016610000000127911
758 0.0016550199999983306
759 0.0016600400000243098
760 0.0016514200000074196
761 0.0016559199999846897
762 0.0016711999999643012
763 0.0016653799999858166
764 0.001661700000113342
765 0.001646919999984675
766 0.0016481600000588514
767 0.001639419999992242
768 0.0016515199999503239
769 0.001645600000028935
770 0.001651080000010552
771 0.0016598599999724684
772 0.0016835999999329943
773 0.0016835400000672963
774 0.001678040000024339
775 0.0016942799999469572
776 0.0016986199999792007
777 0.0017061600000488398
778 0.0017292199999701552
779 0.0016747999999097373
780 0.0016766400000051362
781 0.0016765399999712828
782 0.0016918200000418438
783 0.0016800600000351552
784 0.0016928200000620563
785 0.0016914999999244173
786 0.0017163599999094003
787 0.0017206800000622025
788 0.001727279999977327
789 0.0017265400000724186
790 0.0017231599999377068
791 0.0017269599999508501
792 0.0017272399999455957
793 0.0017563000000336616
794 0.0017366400000355497
795 0.0016969399999652523
796 0.0016927600000144593
797 0.0016905799999676675
798 0.0017003600000862207
799 0.0016945400000622612
800 0.0017040799999449518
801 0.0016974000000118394
802 0.0017076999999972031
803 0.0017042999999375753
804 0.0017094799999995303
805 0.001716939999960232
806 0.0017389200000707205
807 0.001705299999912313
808 0.0017128399999819521
809 0.001714960000026622
810 0.0017319399999905726
811 0.0017687199999727454
812 0.001719860000002882
813 0.0017347400000289781
814 0.0017282800000430142
815 0.0017767400000138877
816 0.001707120000037321
817 0.0017345799999930022
818 0.0017516799999611975
819 0.001783060000025216
820 0.0017837200000030862
821 0.0017913600000156293
822 0.0017971400000533321
823 0.0018582200000309967
824 0.0019253799999660258
825 0.001714899999979025
826 0.0017308599999523722
827 0.0017363399999794638
828 0.0017366000000038184
829 0.001716919999989841
830 0.0017412799999874551
831 0.0017201999999997496
832 0.001737139999977444
833 0.0017285199999605538
834 0.0017435000000205036
835 0.0017564199999014819
836 0.0017540800000006129
837 0.0017717199999879086
838 0.0017634599998928024
839 0.0017901799999435752
840 0.0018104399999629094
841 0.0018212599999515079
842 0.0018309999999473804
843 0.0018400000000383444
844 0.0018241799999486829
845 0.0018294999999852735
846 0.0018486200000097596
847 0.0018539999999575229
848 0.001849359999960143
849 0.0018828999999641383
850 0.0018293600000106381
851 0.001819300000079238
852 0.0018285400000877417
853 0.0018348999999489024
854 0.0018046000000140339
855 0.0018453000000135944
856 0.00184002000005421
857 0.0018514799999593378
858 0.001833939999960421
859 0.0018414000000120724
860 0.0018518600000334117
861 0.001834759999974267
862 0.0018344399999932648
863 0.0018388600000434963
864 0.0018563999999969382
865 0.0018426000000545174
866 0.001836200000025201
867 0.0018647999999757304
868 0.0018626600000061443
869 0.001854100000082326
870 0.001838980000002266
871 0.0018511999999645922
872 0.0018497999999908643
873 0.0019397000000481058
874 0.0019758400000227994
875 0.0019435800000792368
876 0.0019493400000101246
877 0.0019350399999893853
878 0.0019322200000260637
879 0.0019316000000344502
880 0.0019559399999707237
881 0.001941160000023956
882 0.0019355399999767542
883 0.001876300000003539
884 0.0018796199999997043
885 0.001886460000059742
886 0.0019346199999745294
887 0.0019418199999563512
888 0.0019648200000119687
889 0.0019507199999225123
890 0.0018966199999795208
891 0.0018979199999648699
892 0.0019013799999356706
893 0.0019028599999728613
894 0.0019050200000037877
895 0.0019033000000035828
896 0.0019089799999619573
897 0.0019068599999172875
898 0.0019063799999457843
899 0.001933560000043144
900 0.0019168199999967327
901 0.0019227599999339872
902 0.0019668600000386505
903 0.0019416000000546773
904 0.002052300000013929
905 0.001986499999884472
906 0.0019889799999873504
907 0.0019814000001133537
908 0.0019830000000183646
909 0.0019602800000029673
910 0.0019384399999580638
911 0.001941499999975349
912 0.0019008600000688602
913 0.001888020000023971
914 0.001905259999966802
915 0.0019316400000207068
916 0.0019522399999914342
917 0.001952960000016901
918 0.0019521799999438372
919 0.0019492999999783933
920 0.001960379999991346
921 0.001950540000007095
922 0.001964539999971748
923 0.0019710799999757
924 0.001955000000043583
925 0.0019583199999942736
926 0.0019999399999960587
927 0.00199107999997068
928 0.0019756600000164328
929 0.00197517999995398
930 0.001982659999976022
931 0.0019916799999919023
932 0.001991920000045866
933 0.0019991399999980787
934 0.0019965599999977714
935 0.00200115999996342
936 0.001995299999953204
937 0.002001380000046993
938 0.0020179600000119536
939 0.002012539999986984
940 0.001998299999922892
941 0.0019920599999750264
942 0.0020024600000851933
943 0.0019996599999558386
944 0.0020425999999588384
945 0.0020334000000275408
946 0.0020253000000138854
947 0.002037779999955092
948 0.0020198400000481344
949 0.002062640000031024
950 0.0020445199999812756
951 0.0020247200000085286
952 0.0020557999999709863
953 0.002051300000084666
954 0.002033280000068771
955 0.002045520000046963
956 0.0020375599999169934
957 0.0020564200000535494
958 0.0020513200000095823
959 0.0020464400000037132
960 0.002057419999937338
961 0.0020657800000208225
962 0.002083919999995487
963 0.0021000999999614576
964 0.002094540000098277
965 0.0021062199999960286
966 0.0020953799999915645
967 0.0020981399999982385
968 0.0020926599999256724
969 0.0021234199999980775
970 0.002128639999909865
971 0.0022313800000119954
972 0.002106360000016139
973 0.002048379999996541
974 0.0021062199999960286
975 0.0024160599999504483
976 0.002132839999967473
977 0.0021316799999567594
978 0.002103759999999966
979 0.002142519999961223
980 0.0021522400000321797
981 0.002258620000020528
982 0.002077159999998912
983 0.002139859999988403
984 0.0021506600000520846
985 0.0020908599999529542
986 0.002160840000033204
987 0.0021419800000330724
988 0.0022560000000339643
989 0.002187659999981406
990 0.0021226600000318284
991 0.0021603800000320915
992 0.0021452200000567244
993 0.0021592800000235003
994 0.002225159999989046
995 0.002219920000015918
996 0.0021319799999218957
997 0.0022111799999947833
998 0.0021363999999721274
999 0.002169640000010986
1000 0.0021620399999846994
1001 0.0022002600000178064
1002 0.0021621200000026875
1003 0.002172340000061013
1004 0.002156960000002073
1005 0.002135880000059842
1006 0.002137979999952222
1007 0.0021491400000286376
1008 0.0021491799999239446
1009 0.002154199999995399
1010 0.002186719999963316
1011 0.002180140000018582
1012 0.0021588600000086444
1013 0.0021648399999321553
1014 0.002180340000040815
1015 0.0021777599999950326
1016 0.0022206599999663014
1017 0.002217900000050577
1018 0.002210320000040156
1019 0.002206659999956173
1020 0.0022348199999669303
1021 0.002214559999993071
1022 0.002226939999991373
1023 0.0022334200000386772
1024 0.0022318999999697553
1025 0.0022213599999759024
1026 0.0022193799999968176
1027 0.0022249000001011154
1028 0.0022524599999542263
1029 0.002203780000036204
1030 0.0021870799999305747
1031 0.002210179999929096
1032 0.0021882600000026286
1033 0.002193580000084694
1034 0.002261540000017703
1035 0.0022048399999675893
1036 0.0022021200000381215
1037 0.002224560000058773
1038 0.0022050600000056873
1039 0.0022118000000318715
1040 0.002225880000014513
1041 0.00222356000003856
1042 0.0022391600000446488
1043 0.0022628399999575777
1044 0.0022409800000332326
1045 0.002224119999891627
1046 0.0021829000000252565
1047 0.002175520000037068
1048 0.002189979999957359
1049 0.0021937600000001114
1050 0.002174079999940659
1051 0.002203959999951621
1052 0.002202000000033877
1053 0.0021993800000018383
1054 0.0021954599999844506
1055 0.0022000199999638427
1056 0.0022107599999799275
1057 0.0022027400000752097
1058 0.002211280000028637
1059 0.0022055400000226657
1060 0.002213320000009844
1061 0.002200059999995574
1062 0.0022010799999861775
1063 0.002222140000003492
1064 0.002215100000012171
1065 0.0022332000000460537
1066 0.002281480000010561
1067 0.002305260000002818
1068 0.0023149399999510935
1069 0.002303719999963505
1070 0.0023030200000448533
1071 0.0023501199999827805
1072 0.002368220000016663
1073 0.0023587399999996706
1074 0.002327199999945151
1075 0.0023388000000068134
1076 0.0023563999999623776
1077 0.002354879999984405
1078 0.002360379999936413
1079 0.0023259800000232644
1080 0.0023946000000250934
1081 0.00235396000007313
1082 0.0023656599999867466
1083 0.0023537800000212883
1084 0.002335959999982151
1085 0.0023357799999303096
1086 0.0023246000000199272
1087 0.0023479799999677198
1088 0.0023760599999604892
1089 0.0023368399999981193
1090 0.002377440000054776
1091 0.0023449000000255182
1092 0.0023849799999879906
1093 0.0023268399999324175
1094 0.002339940000047136
1095 0.0023613599999862344
1096 0.00237819999997555
1097 0.0024015200000121694
1098 0.002413680000017848
1099 0.002366559999973106
1100 0.0023574400000143216
1101 0.002386879999994562
1102 0.0023959600000125645
1103 0.0023734600000352656
1104 0.0023721999999452236
1105 0.0023770600000261764
1106 0.002393380000012257
1107 0.0023958199999924547
1108 0.0024175999999442865
1109 0.002408480000030977
1110 0.0024181199999475213
1111 0.002426420000028884
1112 0.002442159999964133
1113 0.002425420000008671
1114 0.0024233600000115986
1115 0.0024228599999787546
1116 0.0024234800000613177
1117 0.0024235800000496966
1118 0.0024235000000317084
1119 0.0024446200000511455
1120 0.002428800000006959
1121 0.002451100000052975
1122 0.0024591599999894244
1123 0.0024479000000155794
1124 0.002451000000019121
1125 0.002443400000083784
1126 0.0024583200000051876
1127 0.002401839999993172
1128 0.002391280000028928
1129 0.0024678200000835203
1130 0.0024566599999161554
1131 0.0024567800000113494
1132 0.002480299999979252
1133 0.0024628399999528485
1134 0.002460019999944052
1135 0.0024901199999931125
1136 0.0024791999999251857
1137 0.0024725199999920734
1138 0.0024300200000197947
1139 0.0024475200000779298
1140 0.0024526600000626788
1141 0.0024212399999669286
1142 0.002424399999972593
1143 0.0024212800000896094
1144 0.0024448199999369535
1145 0.0024521600000298347
1146 0.0024586600000475302
1147 0.002504159999989497
1148 0.0024895200000628393
1149 0.0025090999999974883
1150 0.002515880000055404
1151 0.0025014799999098615
1152 0.0024975200000426413
1153 0.00249269999999342
1154 0.0024983400000110124
1155 0.0025008799999341135
1156 0.0025095999999848575
1157 0.0025029999999333086
1158 0.0024932399999215704
1159 0.002472059999945486
1160 0.0024812199999814767
1161 0.0025482199999714793
1162 0.0024805600000036066
1163 0.002486480000015945
1164 0.0024870000000191796
1165 0.002531139999973675
1166 0.00249031999996987
1167 0.002534879999939221
1168 0.0025153600000066946
1169 0.002502360000016779
1170 0.002505699999983335
1171 0.0025555399999575455
1172 0.002545179999924585
1173 0.0025543999999626974
1174 0.0025556199999755337
1175 0.0025514799999655224
1176 0.002569480000056501
1177 0.002552540000033332
1178 0.0025508200000331272
1179 0.002577280000059545
1180 0.0025474799999756215
1181 0.0025620800000069723
1182 0.0025825399999575894
1183 0.002612599999974918
1184 0.002627859999984139
1185 0.0026751799999601643
1186 0.002630700000008801
1187 0.0025692600000638776
1188 0.0026064199999837
1189 0.0026162599999224765
1190 0.0026012000000264377
1191 0.002609179999990374
1192 0.002600540000003093
1193 0.002581500000087544
1194 0.0025551399999585557
1195 0.0025586599999769533
1196 0.002564379999921584
1197 0.0025663799999620096
1198 0.0025390199999947073
1199 0.002574319999985164
1200 0.002571459999990111
1201 0.002570659999946656
1202 0.0025585600000795237
1203 0.0025736000000051718
1204 0.002573320000055901
1205 0.002592300000014802
1206 0.0025782000000162952
1207 0.0026275400000031366
1208 0.0026514600001064535
1209 0.0026331399999889983
1210 0.0026351199999226083
1211 0.002634779999971215
1212 0.002653779999991457
1213 0.0026452200000676384
1214 0.0026428199999827483
1215 0.0027403399999911928
1216 0.0026672199999211443
1217 0.00263188000003538
1218 0.0026203200000509243
1219 0.0025895199999922624
1220 0.0026089400000273598
1221 0.0026035200000023907
1222 0.0026270199999999023
1223 0.0026088399999935064
1224 0.0026071000000229107
1225 0.0026095999999597554
1226 0.0026181000000178754
1227 0.002623940000012226
1228 0.0026316000000406346
1229 0.002610359999971479
1230 0.002634840000018812
1231 0.0026121399999283314
1232 0.002613160000055359
1233 0.00261979999995674
1234 0.002641979999953037
1235 0.0026046599999972387
1236 0.0026296200000160753
1237 0.0026326399999561543
1238 0.002638420000039332
1239 0.002640639999981431
1240 0.0026467800000318674
1241 0.0026240400000006048
1242 0.0026405199999771866
1243 0.0026375199999620234
1244 0.0026568199999928766
1245 0.0026201600000149484
1246 0.0027006799999526264
1247 0.0027349599999979546
1248 0.002652460000035717
1249 0.002717180000081498
1250 0.0027121999999508263
1251 0.002685440000050221
1252 0.0027480000000196015
1253 0.0027351200000339305
1254 0.0027592799999638373
1255 0.0027314599999954227
1256 0.0027099799999632523
1257 0.0027210799999465964
1258 0.0027255200000126933
1259 0.002694879999944533
1260 0.0027478799999244075
1261 0.0027663399999710236
1262 0.0027576999999837427
1263 0.0027744399999392044
1264 0.0027527200000349696
1265 0.002760340000031647
1266 0.002774879999969926
1267 0.0027781999999206162
1268 0.002790060000006633
1269 0.002783339999996315
1270 0.00279342000003453
1271 0.0027593000000706524
1272 0.0027707999999165623
1273 0.002783300000010058
1274 0.00277285999995911
1275 0.002760500000022148
1276 0.0033994999999777064
1277 0.002740760000006048
1278 0.0027522799999132987
1279 0.002676720000044952
1280 0.002694800000062969
1281 0.002682539999977962
1282 0.002715520000037941
1283 0.002732819999982894
1284 0.0027448399999684624
1285 0.0027578599999742437
1286 0.0027639999999792054
1287 0.0027605199999925388
1288 0.002749420000009195
1289 0.0027666400000271097
1290 0.0027572999999847525
1291 0.0028197999999974854
1292 0.002836059999981444
1293 0.0028582399999777406
1294 0.0028603799999928014
1295 0.0028152599998975346
1296 0.0028617599999506637
1297 0.002855719999934081
1298 0.0027653999999529334
1299 0.0028090600000723496
1300 0.0027931000000535277
1301 0.0027934600000207865
1302 0.00279304000009688
1303 0.0028125199999976757
1304 0.0028724400001010507
1305 0.0028862399999979972
1306 0.0028690999999525955
1307 0.002828380000028119
1308 0.002903599999990547
1309 0.0029114800000115794
1310 0.002877020000005359
1311 0.0028505600000244156
1312 0.002844579999919006
1313 0.0028734600000007047
1314 0.0028800000000046566
1315 0.002881740000020727
1316 0.0028742999999849415
1317 0.002870180000036271
1318 0.002839520000043194
1319 0.0028297199999997246
1320 0.002833599999985381
1321 0.002878779999991821
1322 0.0028726799999731155
1323 0.002885379999997895
1324 0.0028818000000228492
1325 0.002830360000007204
1326 0.0028303800000230696
1327 0.0028263800000331686
1328 0.0028370600000471313
1329 0.002846399999998539
1330 0.002824979999968491
1331 0.0028424600000107603
1332 0.002839319999975487
1333 0.002837920000001759
1334 0.0028470600000673587
1335 0.00283662000001641
1336 0.002880799999957162
1337 0.0028602599999885568
1338 0.0028864600000360952
1339 0.002881740000066202
1340 0.0029473199999756616
1341 0.0029338599999846338
1342 0.0029459200000019337
1343 0.0029048199999579085
1344 0.002870100000018283
1345 0.002887460000010833
1346 0.0028983399999560787
1347 0.0029377199999998994
1348 0.0029415999999855558
1349 0.0029276999999638064
1350 0.0029041999998753454
1351 0.0029887399999552144
1352 0.002950540000028923
1353 0.0028401400000802822
1354 0.002832279999938692
1355 0.0028249399999822344
1356 0.002853179999965505
1357 0.0028386999999383987
1358 0.0028729000000566884
1359 0.002864859999954206
1360 0.002993499999956839
1361 0.002977160000045842
1362 0.0029704600000059144
1363 0.002993220000053043
1364 0.0029695599999740806
1365 0.0029417599999760568
1366 0.0029115399999682266
1367 0.0029324800000267714
1368 0.0029246400000374705
1369 0.002925520000007964
1370 0.0029599200000575364
1371 0.0029325599999992847
1372 0.0028598399999282265
1373 0.0028809999999793944
1374 0.002878419999979087
1375 0.002879499999971813
1376 0.002904900000021371
1377 0.002873959999988074
1378 0.002948059999926045
1379 0.0029834799999207463
1380 0.0028783400000520487
1381 0.0029263199999604696
1382 0.002885539999988396
1383 0.002970180000011169
1384 0.0030223999999179794
1385 0.002938719999974637
1386 0.0029447999999774764
1387 0.002903259999993679
1388 0.002887860000009823
1389 0.0028999999999541615
1390 0.0029167799999868294
1391 0.0029384399999344167
1392 0.002905679999912536
1393 0.0029055199999675095
1394 0.002929739999990488
1395 0.002990779999981896
1396 0.0030520800000431334
1397 0.0030046600000787293
1398 0.002999099999988175
1399 0.003014880000046105
1400 0.0030088800000612538
1401 0.0029965800000809396
1402 0.002996800000028088
1403 0.0029896000000007917
1404 0.0030221400000300493
1405 0.0030358800000158228
1406 0.003072560000055091
1407 0.0030666600000131437
1408 0.003087039999991248
1409 0.003006740000000718
1410 0.0030765599999540427
1411 0.0031013599999823783
1412 0.0030650399999558433
1413 0.003104080000002796
1414 0.0030617200000051525
1415 0.003051799999911964
1416 0.0030580399999962536
1417 0.0029828599999291326
1418 0.0030135999999401975
1419 0.003081960000054096
1420 0.0030699599999934437
1421 0.003036259999998947
1422 0.003021660000013071
1423 0.0030398199999581267
1424 0.003024340000047232
1425 0.0030307999999422464
1426 0.0030474400000457535
1427 0.0030479200001082064
1428 0.00304865999996764
1429 0.003045079999992595
1430 0.0030408000000079483
1431 0.003038680000008753
1432 0.003050740000026053
1433 0.0030717399999957706
1434 0.0030961600000409817
1435 0.0030689600000187054
1436 0.0030032399999981862
1437 0.0030128000000786415
1438 0.003030399999988731
1439 0.00301448000000164
1440 0.003038360000027751
1441 0.0030419400000027963
1442 0.0030334800000673566
1443 0.0030293799999981273
1444 0.003042360000017652
1445 0.003069619999951101
1446 0.0030731599999853643
1447 0.0030425199999626782
1448 0.003033779999941544
1449 0.003067559999999503
1450 0.003137079999942216
1451 0.003187260000004244
1452 0.0032459799999742245
1453 0.0031783399999767425
1454 0.0031675600000198754
1455 0.0031765199999881587
1456 0.00317985999990924
1457 0.0031852400000389027
1458 0.0031821400000808355
1459 0.0031835799999498705
1460 0.0031979600000340723
1461 0.003215819999968517
1462 0.0032229400000233
1463 0.003210420000004888
1464 0.003195880000066609
1465 0.0032231199999387173
1466 0.0032002400000237683
1467 0.0032037600000421663
1468 0.0031947599999966768
1469 0.003139279999959399
1470 0.003160820000039166
1471 0.003160680000019056
1472 0.003175199999941469
1473 0.0031483799999477923
1474 0.0032136600000740147
1475 0.0031705800000509043
1476 0.0031789199999366245
1477 0.003177400000004127
1478 0.0031754000000091764
1479 0.0031644999999571157
1480 0.0031529399999726594
1481 0.0031779399999777524
1482 0.003135779999956867
1483 0.00322371999995994
1484 0.003244219999987763
1485 0.003226619999986724
1486 0.003207860000020446
1487 0.003267020000021148
1488 0.0032465000000229337
1489 0.003223820000039268
1490 0.0032359400000132156
1491 0.003236300000025949
1492 0.00326602000004641
1493 0.0031985000000531727
1494 0.0033454200000505806
1495 0.0032621800000015356
1496 0.003246380000018689
1497 0.003222919999916485
1498 0.0032040999999935595
1499 0.003187439999919661
1500 0.003230260000009366
1501 0.0032454199999847333
1502 0.0033085200000641636
1503 0.0032980599999518747
1504 0.003208760000006805
1505 0.003182539999988876
1506 0.0032277199999953153
1507 0.003218220000007932
1508 0.00321022000002813
1509 0.0032320999999683408
1510 0.003231439999944996
1511 0.0033310599999822445
1512 0.0032469599999330966
1513 0.0033052800000405113
1514 0.0032460200000514307
1515 0.003250019999950382
1516 0.0032406600000285833
1517 0.0032612999999400926
1518 0.0032434599999305648
1519 0.0032590199999958714
1520 0.003332160000081785
1521 0.003317059999972116
1522 0.003310160000000906
1523 0.0033560400000169468
1524 0.003317219999962617
1525 0.0033292799999344426
1526 0.0033159599999635246
1527 0.0033655600000201957
1528 0.0033008600000357545
1529 0.0032787000000553236
1530 0.003276880000021265
1531 0.003272340000012264
1532 0.0032603800000288174
1533 0.0032797399999708434
1534 0.003282939999962764
1535 0.003273540000054709
1536 0.00329146000003675
1537 0.0032743200000368232
1538 0.003274839999994583
1539 0.0032883200000014766
1540 0.003303740000046673
1541 0.0032846199999767125
1542 0.0032947199999853183
1543 0.003369639999937135
1544 0.0033709600000292996
1545 0.00329610000003413
1546 0.0033152799999697892
1547 0.003317120000019713
1548 0.003312599999981103
1549 0.003312539999933506
1550 0.0033065600000554696
1551 0.0033929400000488386
1552 0.003337379999993573
1553 0.0033227800000531714
1554 0.003317200000037701
1555 0.0034337600000526438
1556 0.0033411200000500684
1557 0.0034296199999971576
1558 0.003471359999957713
1559 0.0033615999999710767
1560 0.0033912400000190245
1561 0.003423359999942477
1562 0.0033343600000080185
1563 0.0034128400000099646
1564 0.003431360000013228
1565 0.003366060000007565
1566 0.003370260000019698
1567 0.003427460000011706
1568 0.003463319999991654
1569 0.003449920000048223
1570 0.0034289999999600695
1571 0.003382000000010521
1572 0.003384399999958987
1573 0.00345139999994899
1574 0.0034440400000676163
1575 0.0034156199999870298
1576 0.0034596200000123643
1577 0.003514619999941715
1578 0.0034256799999639043
1579 0.003411320000031992
1580 0.00335823999994318
1581 0.003375260000029812
1582 0.0033990200000062034
1583 0.003379759999916132
1584 0.003408119999949122
1585 0.0033705799999552257
1586 0.003395199999977194
1587 0.0034376599999632164
1588 0.003390019999960714
1589 0.003388520000044082
1590 0.0034467400000266933
1591 0.0034707799999978304
1592 0.0034860400000070514
1593 0.0034688800000367338
1594 0.0034635399999388026
1595 0.0034505199999784963
1596 0.0034720999999990456
1597 0.0034394400000564928
1598 0.0034282199999324803
1599 0.0034140600000228003
1600 0.003402259999938906
1601 0.0033871400000862195
1602 0.0034569399999327287
1603 0.0035073000000011233
1604 0.003544980000060605
1605 0.003481659999988551
1606 0.003485659999978452
1607 0.00351965999998356
1608 0.003502220000018497
1609 0.003563360000043758
1610 0.003496180000001914
1611 0.0034530600000834966
1612 0.003464459999986502
1613 0.003527959999973973
1614 0.0034920200000669865
1615 0.0034673600000132863
1616 0.003370420000010199
1617 0.003373920000012731
1618 0.0034565800000109447
1619 0.0034455999999863708
1620 0.0034772000000430126
1621 0.003465959999994084
1622 0.00347184000006564
1623 0.0034746000000268396
1624 0.003491420000045764
1625 0.003494660000069416
1626 0.0035113399999318062
1627 0.0035854599999765925
1628 0.003533780000088882
1629 0.0035325799999554874
1630 0.0035329999999703433
1631 0.0035080200000265904
1632 0.0035640000000057626
1633 0.003683679999949163
1634 0.003624360000003435
1635 0.003541819999963991
1636 0.003550580000000991
1637 0.0035253800000646152
1638 0.0035191000000395433
1639 0.003531299999986004
1640 0.0035978199999135542
1641 0.003624539999964327
1642 0.003514999999970314
1643 0.0035033800000292105
1644 0.0035256800000297516
1645 0.003544780000038372
1646 0.0035795199999483886
1647 0.0035535800000616293
1648 0.0036242800000309216
1649 0.003537460000097781
1650 0.0035473399999773393
1651 0.0035101799999665674
1652 0.0036235400000350637
1653 0.0035852199999681033
1654 0.0035759200000029523
1655 0.0035811000000194326
1656 0.003586340000038035
1657 0.0035799199999928533
1658 0.0036377599999923406
1659 0.0035431599999810716
1660 0.003459019999991142
1661 0.0035021400000459836
1662 0.003556459999981598
1663 0.003562319999991814
1664 0.0036620400000174414
1665 0.0034967600000527454
1666 0.0034905800000160523
1667 0.0035213599999678992
1668 0.0034790600000633278
1669 0.0035595399999692745
1670 0.0035568799999509794
1671 0.003607140000030995
1672 0.0036506000000372297
1673 0.0035503000000062456
1674 0.0036263599999529104
1675 0.0036131600000771868
1676 0.003634379999994053
1677 0.0036491600000317704
1678 0.0035990400000628143
1679 0.0035530799998923614
1680 0.0036416400000689464
1681 0.003700039999966975
1682 0.003690779999942606
1683 0.0036376199999722304
1684 0.0036759799999799723
1685 0.0036988599999403958
1686 0.0037665199999537434
1687 0.003692140000021027
1688 0.0036817599999267258
1689 0.003625539999939065
1690 0.0036509799999748793
1691 0.0036053199999969364
1692 0.003596319999996922
1693 0.003727299999945899
1694 0.0037030599999525295
1695 0.0037001600000166946
1696 0.0036938400000053663
1697 0.003690420000020822
1698 0.003675780000003215
1699 0.0036896799999794894
1700 0.003693639999983134
1701 0.0036584600000423963
1702 0.00364716000003682
1703 0.003708280000000741
1704 0.00373435999999856
1705 0.003657400000020061
1706 0.0036629199999879346
1707 0.0036748199999692586
1708 0.003640339999992648
1709 0.0037000799999987065
1710 0.0036427000000458067
1711 0.003673320000007152
1712 0.0036511799999971116
1713 0.0036778200000298967
1714 0.0037344000000302914
1715 0.0036775000000488943
1716 0.003685080000013841
1717 0.003650939999943148
1718 0.003675180000027467
1719 0.0036894200000460843
1720 0.0036818200000197977
1721 0.003677959999959057
1722 0.003674020000062228
1723 0.003821220000008907
1724 0.003849399999990055
1725 0.0037567400000170894
1726 0.003747560000010708
1727 0.0037204400000064195
1728 0.003774479999992764
1729 0.0037306599999737955
1730 0.003721399999994901
1731 0.003815820000045278
1732 0.00372811999991427
1733 0.003706880000027013
1734 0.003736140000000887
1735 0.0037129799999547687
1736 0.0037084000000049853
1737 0.003742080000029091
1738 0.0037363200000527287
1739 0.003810119999980088
1740 0.0037658799999917393
1741 0.0038047800000185817
1742 0.003764780000074097
1743 0.0037408400000003895
1744 0.0037354600000071513
1745 0.003763879999996789
1746 0.00378179999997883
1747 0.003837300000077448
1748 0.0038328600000568256
1749 0.003881860000001325
1750 0.004264340000008815
1751 0.0037777200000164157
1752 0.003753539999979694
1753 0.0037951399999656132
1754 0.003785319999951753
1755 0.003791300000011688
1756 0.003788879999956407
1757 0.003799459999981991
1758 0.003772079999998823
1759 0.0037793400000282417
1760 0.0038984399999662856
1761 0.0038441600000169275
1762 0.003839360000074521
1763 0.0038085200000296028
1764 0.0038125799999761513
1765 0.0038192199999684817
1766 0.003824460000032559
1767 0.0038052599999446103
1768 0.0038184199999705013
1769 0.003847759999916889
1770 0.003833919999988211
1771 0.0038194400000065797
1772 0.003880619999972623
1773 0.0038492800000312854
1774 0.0038463600000341104
1775 0.003861399999959758
1776 0.0038775599999553378
1777 0.0038730199999918113
1778 0.00388133999999809
1779 0.003915959999994811
1780 0.0038958600000114528
1781 0.0039346399999885765
1782 0.00392350000006445
1783 0.003918459999977131
1784 0.003870020000022123
1785 0.003901540000060777
1786 0.0038947600000028616
1787 0.0038907599999674857
1788 0.0039044799999828684
1789 0.003915199999937613
1790 0.0039271599999210595
1791 0.003990459999886298
1792 0.004024779999963357
1793 0.003972979999980452
1794 0.003947660000039832
1795 0.003925239999989572
1796 0.003955339999993157
1797 0.003952820000040447
1798 0.0039654199999404225
1799 0.0039688400000159165
1800 0.003932939999958762
1801 0.003955059999907462
1802 0.004012019999981931
1803 0.004040659999964192
1804 0.004056800000034855
1805 0.004001339999967967
1806 0.003949940000029528
1807 0.003979819999949541
1808 0.003996019999976852
1809 0.003987319999987448
1810 0.004031019999956698
1811 0.004045619999988048
1812 0.00417952000002515
1813 0.004035759999942457
1814 0.0039990400000078806
1815 0.004006379999964338
1816 0.004113200000074357
1817 0.004067079999958878
1818 0.003984780000064347
1819 0.004010899999957474
1820 0.004041399999960049
1821 0.004097559999991063
1822 0.004097800000045027
1823 0.004108780000024126
1824 0.0041064600000026985
1825 0.004114460000027975
1826 0.0040785400000459045
1827 0.004118340000013631
1828 0.00409933999999339
1829 0.004055560000006153
1830 0.004068039999992834
1831 0.0040803800000048795
1832 0.004079639999963547
1833 0.00411855999996078
1834 0.004119500000024345
1835 0.004101559999890014
1836 0.004097019999971962
1837 0.0040954800000235995
1838 0.0041253000000324395
1839 0.004132519999984652
1840 0.0041247999999995955
1841 0.0041115399999853254
1842 0.004179479999947944
1843 0.004162980000046446
1844 0.0041615999999976335
1845 0.004158120000010967
1846 0.004006739999977071
1847 0.004015400000025693
1848 0.004020919999948092
1849 0.00404012000003604
1850 0.004063499999983833
1851 0.004090619999988121
1852 0.0041388199999801145
1853 0.004128600000012739
1854 0.004149160000042684
1855 0.004167000000052212
1856 0.0040859000000182276
1857 0.00410066000004008
1858 0.004189939999923809
1859 0.004158000000006723
1860 0.004172420000031707
1861 0.004157980000036332
1862 0.004236300000002302
1863 0.0041977000000315455
1864 0.004189520000045377
1865 0.0042044800000894614
1866 0.004197999999951208
1867 0.004213040000058755
1868 0.0042184400000223835
1869 0.004214940000019851
1870 0.0042121600000882605
1871 0.004234039999937522
1872 0.004245899999978065
1873 0.004249319999962609
1874 0.004246599999987666
1875 0.004235240000025442
1876 0.004164180000043416
1877 0.004263519999994969
1878 0.004203600000073493
1879 0.004179260000000795
1880 0.004157059999943158
1881 0.0042245399999956135
1882 0.0042249200000242125
1883 0.004229960000020583
1884 0.004171100000030492
1885 0.004240299999992203
1886 0.0041963600000144655
1887 0.0042122999999719465
1888 0.004336040000043795
1889 0.004304159999946933
1890 0.004322939999974551
1891 0.0042981399999916904
1892 0.004289040000003297
1893 0.004324939999969501
1894 0.004310299999951894
1895 0.004314340000064476
1896 0.004287120000026334
1897 0.004345680000051288
1898 0.004312399999935224
1899 0.004419459999962782
1900 0.004428320000033637
1901 0.0043749799999204695
1902 0.004348660000005111
1903 0.0043770000000222355
1904 0.0044306199999937235
1905 0.004472220000025118
1906 0.004386179999983142
1907 0.0042541000000255735
1908 0.004349839999986216
1909 0.00431893999998465
1910 0.004325699999981225
1911 0.004346080000050279
1912 0.004417060000014317
1913 0.0043952799999715355
1914 0.004463819999955376
1915 0.004453560000001744
1916 0.004390300000022762
1917 0.004433999999992011
1918 0.0045398799999929905
1919 0.004531500000030064
1920 0.004432499999938955
1921 0.004432020000012926
1922 0.004454399999940506
1923 0.00448566000000028
1924 0.00450261999999384
1925 0.004526280000027328
1926 0.004448379999894314
1927 0.0044763599999896545
1928 0.004500699999971403
1929 0.004487459999972998
1930 0.004524279999986902
1931 0.004514920000019629
1932 0.004463000000077955
1933 0.004502540000021327
1934 0.004460420000032173
1935 0.0044879799999762325
1936 0.004543899999953282
1937 0.004503499999964333
1938 0.004557140000088111
1939 0.004529860000002372
1940 0.0045543400000497055
1941 0.004596900000024107
1942 0.004565860000002431
1943 0.0044931800000085785
1944 0.004493940000020302
1945 0.004501020000043354
1946 0.004544299999997748
1947 0.004548099999965416
1948 0.004567619999943417
1949 0.004603140000017447
1950 0.00459089999999378
1951 0.004608439999992697
1952 0.004564500000014959
1953 0.004658340000014504
1954 0.004590680000046632
1955 0.004572039999948175
1956 0.004573019999997996
1957 0.004552800000055868
1958 0.004564840000011827
1959 0.004551340000034543
1960 0.004563520000010613
1961 0.004554519999965123
1962 0.004556440000033035
1963 0.004607160000068689
1964 0.00461365999994996
1965 0.00454781999997067
1966 0.00472514000002775
1967 0.00455366000005597
1968 0.004659500000025218
1969 0.004614600000059
1970 0.004630339999948774
1971 0.0046243200000390065
1972 0.004618140000002313
1973 0.004601339999999255
1974 0.004632699999956458
1975 0.004595699999981662
1976 0.004643920000034996
1977 0.004720419999966907
1978 0.004625519999990502
1979 0.004585860000042885
1980 0.004638379999960307
1981 0.00469597999999678
1982 0.0047501400000328434
1983 0.004683339999974123
1984 0.004739420000078098
1985 0.004734079999980168
1986 0.004706820000001244
1987 0.004709020000018427
1988 0.004721359999939523
1989 0.0047309199999745035
1990 0.004732359999979963
1991 0.004772579999962545
1992 0.004735819999996238
1993 0.004773820000036721
1994 0.004768180000019129
1995 0.00481019999988348
1996 0.004763200000070356
1997 0.0047383399999489486
1998 0.004738079999924594
1999 0.00473112000004221
2000 0.004704180000044289
