1 3.94000007872819e-06
2 2.2000000171829016e-06
3 1.740000016070553e-06
4 1.9400000383029693e-06
5 2.119999953720253e-06
6 2.1800000013172395e-06
7 2.2399999579647556e-06
8 2.42000005528098e-06
9 2.66000001829525e-06
10 2.7000000500265743e-06
11 2.8199999633216066e-06
12 3.0199999400792875e-06
13 3.099999958067201e-06
14 3.3400000120309415e-06
15 3.3800000892370007e-06
16 3.4600001072249143e-06
17 3.380000043762266e-06
18 3.65999994755839e-06
19 3.51999997292296e-06
20 3.7999999676685547e-06
21 3.8600000152655415e-06
22 3.7800000427523628e-06
23 4.1799999962677244e-06
24 4.360000002634479e-06
25 4.500000022744643e-06
26 4.4200000957062e-06
27 4.6599999677710006e-06
28 4.66000005872047e-06
29 4.900000021734741e-06
30 4.820000049221562e-06
31 5.060000057710568e-06
32 5.019999980504508e-06
33 5.1799999710056e-06
34 5.339999961506692e-06
35 5.660000033458345e-06
36 5.700000019714935e-06
37 5.700000019714935e-06
38 5.6799999583745375e-06
39 5.880000026081689e-06
40 5.999999984851456e-06
41 6.059999941498973e-06
42 6.299999949987978e-06
43 6.219999977474799e-06
44 6.2399999478657264e-06
45 6.459999985963804e-06
46 6.639999992330559e-06
47 6.579999990208307e-06
48 6.79999998283165e-06
49 6.999999959589331e-06
50 6.979999989198405e-06
51 7.139999934224761e-06
52 7.160000086514628e-06
53 7.100000038917642e-06
54 7.499999992433004e-06
55 7.539999933214858e-06
56 7.440000081260223e-06
57 7.83999998930085e-06
58 7.680000044274493e-06
59 7.740000046396745e-06
60 8.14000004538684e-06
61 8.000000025276677e-06
62 8.139999999912107e-06
63 8.32000000627886e-06
64 8.46000007186376e-06
65 8.419999994657701e-06
66 8.360000038010185e-06
67 8.580000030633528e-06
68 8.620000062364853e-06
69 8.859999934429651e-06
70 8.819999948173063e-06
71 9.03999998627114e-06
72 9.159999990515644e-06
73 9.539999928165343e-06
74 9.339999996882397e-06
75 9.480000016992562e-06
76 9.380000028613722e-06
77 9.480000016992562e-06
78 1.0019999945143353e-05
79 9.820000059335143e-06
80 1.0160000056202988e-05
81 9.779999982129083e-06
82 1.0139999994862592e-05
83 1.0160000056202988e-05
84 1.0519999932512292e-05
85 1.0520000023461762e-05
86 1.059999999597494e-05
87 1.0639999982231529e-05
88 1.1099999983343879e-05
89 1.0560000055193086e-05
90 1.0960000099657919e-05
91 1.0940000038317521e-05
92 1.111999999920954e-05
93 1.1300000005576294e-05
94 1.1180000001331791e-05
95 1.121999998758838e-05
96 1.1519999998199636e-05
97 1.1580000000321889e-05
98 1.167999998870073e-05
99 1.1659999972835067e-05
100 1.1880000010933145e-05
101 1.2479999941206189e-05
102 1.2119999973947415e-05
103 1.2179999976069666e-05
104 1.2340000012045493e-05
105 1.225999999405758e-05
106 1.2160000051153474e-05
107 1.249999995707185e-05
108 1.2619999961316352e-05
109 1.2760000026901253e-05
110 1.281999998354877e-05
111 1.2759999935951783e-05
112 1.2960000003658933e-05
113 1.3420000004771283e-05
114 1.3040000021646847e-05
115 1.3559999979406712e-05
116 1.3339999986783368e-05
117 1.3640000088344095e-05
118 1.3819999958286644e-05
119 1.372000001538254e-05
120 1.3940000008005881e-05
121 1.3860000035492703e-05
122 1.3939999962531147e-05
123 1.3960000023871543e-05
124 1.4340000052470715e-05
125 1.4660000033472897e-05
126 1.4339999961521243e-05
127 1.4460000011240482e-05
128 1.4599999985875911e-05
129 1.5060000077937729e-05
130 1.4779999992242665e-05
131 1.4939999982743756e-05
132 1.4939999982743756e-05
133 1.5419999999721768e-05
134 1.516000006631657e-05
135 1.5819999998711864e-05
136 1.5460000031453092e-05
137 1.5460000076927828e-05
138 1.5439999970112694e-05
139 1.525999996374594e-05
140 1.536000004307425e-05
141 1.5720000010333025e-05
142 1.601999992999481e-05
143 1.6079999977591796e-05
144 1.592000003256544e-05
145 1.6559999949095072e-05
146 1.628000004529895e-05
147 1.6460000006190965e-05
148 1.6540000069653614e-05
149 1.702000004115689e-05
150 1.6699999969205236e-05
151 1.690000003691239e-05
152 1.7180000031657983e-05
153 1.707999999780441e-05
154 1.7159999970317585e-05
155 1.772000000528351e-05
156 1.7440000010537916e-05
157 1.7259999958696425e-05
158 1.7599999955564273e-05
159 1.7620000016904668e-05
160 1.7780000052880496e-05
161 1.753999995344202e-05
162 1.807999997254228e-05
163 1.7820000039137085e-05
164 1.832000007198076e-05
165 1.8039999986285693e-05
166 1.8120000004273606e-05
167 1.8319999935556552e-05
168 1.8559999989520293e-05
169 2.7619999991657095e-05
170 1.8640000052982942e-05
171 1.8800000043484032e-05
172 1.890000007733761e-05
173 1.858000005086069e-05
174 1.8999999974766978e-05
175 1.9080000038229626e-05
176 1.918000002660847e-05
177 1.9579999934649096e-05
178 1.9399999973757077e-05
179 1.934000001710956e-05
180 1.9479999946270254e-05
181 1.9439999960013665e-05
182 1.9580000025598564e-05
183 1.98199999431381e-05
184 1.9999999949504854e-05
185 1.9980000024588664e-05
186 2.051999999821419e-05
187 2.0039999935761443e-05
188 2.341999997952371e-05
189 2.0240000003468596e-05
190 2.0240000048943328e-05
191 2.0379999978104024e-05
192 2.0700000050055678e-05
193 2.084000002469111e-05
194 2.119999999194988e-05
195 2.0919999997204286e-05
196 2.1440000000438886e-05
197 2.142000003004796e-05
198 2.133999996658531e-05
199 2.1420000075522692e-05
200 2.117999997608422e-05
201 2.1600000036414712e-05
202 2.1740000011050143e-05
203 2.2300000000541332e-05
204 2.1839999999428982e-05
205 2.1739999965575407e-05
206 2.18999999560765e-05
207 2.2199999966687757e-05
208 2.2060000083001798e-05
209 2.2300000000541332e-05
210 2.2559999979421264e-05
211 2.2919999946680036e-05
212 2.2679999983665766e-05
213 2.2560000024896e-05
214 2.289999997628911e-05
215 2.3280000050363014e-05
216 2.3459999965780298e-05
217 2.32000000323751e-05
218 2.3319999991144867e-05
219 2.301999998053361e-05
220 2.3500000042986358e-05
221 2.3559999954159137e-05
222 2.3899999951026986e-05
223 2.3620000001756124e-05
224 2.3980000014489634e-05
225 2.4380000058954466e-05
226 2.429999995001708e-05
227 2.4100000018734136e-05
228 2.4399999983870656e-05
229 2.4060000032477547e-05
230 2.439999993839592e-05
231 2.4279999979626155e-05
232 2.5140000025203336e-05
233 2.4339999981748406e-05
234 2.4540000003980823e-05
235 2.5039999945875026e-05
236 2.500000000509317e-05
237 2.4540000003980823e-05
238 2.56599999829632e-05
239 2.5019999930009364e-05
240 2.5440000081289325e-05
241 2.534000004743575e-05
242 2.564000001257227e-05
243 2.5240000013582176e-05
244 2.607999999781896e-05
245 2.5840000080279425e-05
246 2.598000000944012e-05
247 2.575999997134204e-05
248 2.6060000027428033e-05
249 2.63200000517827e-05
250 2.6060000027428033e-05
251 2.6900000011664816e-05
252 2.6580000030662633e-05
253 2.6679999928092e-05
254 2.6979999984177993e-05
255 2.6419999949212068e-05
256 2.6479999951334322e-05
257 2.7380000028642824e-05
258 2.73399999969115e-05
259 2.730000001065491e-05
260 2.7200000022276073e-05
261 2.7200000067750808e-05
262 2.75999999303167e-05
263 2.7419999923949945e-05
264 2.7779999982158188e-05
265 2.7679999948304613e-05
266 2.796000007947441e-05
267 2.7940000018134013e-05
268 2.802000003612193e-05
269 2.8539999993881794e-05
270 2.808000003824418e-05
271 2.8399999973771627e-05
272 2.8340000017124112e-05
273 2.8139999994891695e-05
274 2.8500000053099938e-05
275 2.9040000026725465e-05
276 2.8659999998126295e-05
277 2.874000010706368e-05
278 2.876000003197987e-05
279 2.9119999999238645e-05
280 2.8899999961140566e-05
281 2.9360000007727648e-05
282 2.9200000017226558e-05
283 3.2859999964784945e-05
284 2.9640000002473242e-05
285 2.949999998236308e-05
286 2.955999998448533e-05
287 3.292000001238193e-05
288 2.969999995912076e-05
289 3.0160000005707843e-05
290 2.958000000035099e-05
291 3.0159999960233107e-05
292 3.0460000061793835e-05
293 3.001999998559768e-05
294 3.05599999592232e-05
295 3.069999997933337e-05
296 3.0719999995199035e-05
297 3.0839999908494065e-05
298 3.077999999732128e-05
299 3.091999997195671e-05
300 3.0839999999443536e-05
301 3.097999997407897e-05
302 3.1319999925472076e-05
303 3.165999996781466e-05
304 3.154000005451962e-05
305 3.1399999988934725e-05
306 3.12399999529589e-05
307 3.144000002066605e-05
308 3.19999999646825e-05
309 3.191999999216932e-05
310 3.188000005138747e-05
311 3.200000005563197e-05
312 3.203999999641382e-05
313 3.222000000278058e-05
314 3.259999998590501e-05
315 3.246000001126959e-05
316 3.21400000302674e-05
317 3.232000008210889e-05
318 3.261999995629594e-05
319 3.2840000039868754e-05
320 3.2860000010259684e-05
321 3.3100000018748686e-05
322 3.317999999126186e-05
323 3.3100000018748686e-05
324 3.3339999981762956e-05
325 3.319999996165279e-05
326 3.3459999940532725e-05
327 3.337999996801955e-05
328 3.361999997650855e-05
329 3.3939999912036e-05
330 3.3759999996618714e-05
331 3.396000001885113e-05
332 3.380000002835004e-05
333 3.430000006119371e-05
334 3.4819999928004106e-05
335 3.43600001087907e-05
336 3.4440000035829144e-05
337 3.455999999459891e-05
338 3.442000001996348e-05
339 3.533999997671344e-05
340 3.485999995973543e-05
341 3.45799999195151e-05
342 3.487999997560109e-05
343 3.509999996822444e-05
344 3.565999995771563e-05
345 3.534000002218818e-05
346 3.5260000004200265e-05
347 3.534000002218818e-05
348 3.5140000090905235e-05
349 3.602000001592387e-05
350 3.541999999470136e-05
351 3.553999990799639e-05
352 3.5620000016933775e-05
353 3.6299999965194726e-05
354 3.612000000430271e-05
355 3.614000002016837e-05
356 3.642000001491397e-05
357 3.624000005402195e-05
358 3.692000009323237e-05
359 3.640000004452304e-05
360 3.64200000603887e-05
361 3.679999990708893e-05
362 3.661999994619691e-05
363 3.8319999976010874e-05
364 3.698000004987989e-05
365 3.7079999992783995e-05
366 3.690000003189198e-05
367 3.781999998864194e-05
368 3.722000010384363e-05
369 3.723999998328509e-05
370 3.727999996954168e-05
371 3.7400000019260914e-05
372 3.774000001612876e-05
373 3.797999997914303e-05
374 3.7899999961155116e-05
375 3.792000002249552e-05
376 3.840000003947352e-05
377 3.8259999882939155e-05
378 3.844000007120485e-05
379 3.812000004472793e-05
380 3.837999997813313e-05
381 3.9240000023710306e-05
382 3.8900000026842464e-05
383 3.87600000067323e-05
384 3.864000004796253e-05
385 3.937999999834574e-05
386 3.87600000067323e-05
387 3.934000001208915e-05
388 3.950000004806498e-05
389 3.916000005119713e-05
390 3.8899999981367725e-05
391 3.96599999476166e-05
392 3.9620000006834746e-05
393 3.956000000471249e-05
394 3.9939999987836926e-05
395 3.967999996348226e-05
396 3.9920000062920735e-05
397 4.0279999984704774e-05
398 4.048000000693719e-05
399 4.042000000481494e-05
400 4.0620000027047355e-05
401 4.0520000038668516e-05
402 4.0700000045035265e-05
403 4.067999998369487e-05
404 4.0599999965706954e-05
405 4.115999995519814e-05
406 4.0940000008049535e-05
407 4.125999994357699e-05
408 4.103999995095364e-05
409 4.116000000067288e-05
410 4.132000008212344e-05
411 4.195999995317834e-05
412 4.16000000313943e-05
413 4.193999993731268e-05
414 4.18599999647995e-05
415 4.228000002512999e-05
416 4.202000000077533e-05
417 4.217999999127642e-05
418 4.1980000014518736e-05
419 4.2540000049484664e-05
420 4.216000011183496e-05
421 4.2080000093847046e-05
422 4.22600001002138e-05
423 4.228000002512999e-05
424 4.272000005585141e-05
425 4.26400000378635e-05
426 4.272000001037668e-05
427 4.3139999979757705e-05
428 4.30400000368536e-05
429 4.295999997339095e-05
430 4.294000004847476e-05
431 4.493999995247577e-05
432 4.342000001997803e-05
433 4.355999994913873e-05
434 4.373999995550548e-05
435 4.4159999970361244e-05
436 4.3719999985114556e-05
437 4.3780000078186275e-05
438 4.39600000390783e-05
439 4.4380000053934056e-05
440 4.3660000073941774e-05
441 4.490000001169392e-05
442 4.435999994711892e-05
443 5.229999992479861e-05
444 4.4720000005327165e-05
445 4.46999999894615e-05
446 4.5519999957832624e-05
447 4.515999999057385e-05
448 4.534000004241534e-05
449 4.554000001917302e-05
450 4.6219999967433977e-05
451 4.555999998956395e-05
452 4.5099999942976866e-05
453 4.533999999694061e-05
454 4.695999996329192e-05
455 4.5639999962077125e-05
456 4.5659999932468055e-05
457 4.557999995995488e-05
458 4.610000005413895e-05
459 4.586000004564994e-05
460 4.629999998542189e-05
461 4.6339999926203745e-05
462 4.672000000027765e-05
463 4.6539999993910895e-05
464 4.635999998754414e-05
465 4.697999997915758e-05
466 4.710000002887682e-05
467 4.658000007111696e-05
468 4.693999994742626e-05
469 4.7420000009879e-05
470 4.720000001725566e-05
471 4.731999997602543e-05
472 4.77000000046246e-05
473 4.7520000089207314e-05
474 4.6980000024632315e-05
475 4.771999997501553e-05
476 4.785999999512569e-05
477 4.8020000031101516e-05
478 4.763999995702761e-05
479 4.821999996238446e-05
480 4.786000004060042e-05
481 4.841999998461688e-05
482 4.8260000039590525e-05
483 4.8719999995228136e-05
484 4.866000003858062e-05
485 4.8819999983606975e-05
486 4.8460000016348204e-05
487 5.4860000045664495e-05
488 4.87400000110938e-05
489 4.887999994025449e-05
490 4.9620000027061906e-05
491 4.911999999421823e-05
492 4.8920000017460553e-05
493 4.93800000185729e-05
494 4.909999993287784e-05
495 4.933999998684158e-05
496 4.9639999997452835e-05
497 4.9979999948845945e-05
498 4.993999991711462e-05
499 4.953999996359926e-05
500 5.1359999997657726e-05
501 5.018000006202783e-05
502 4.97599999562226e-05
503 5.024000001867535e-05
504 5.06799999584473e-05
505 5.006000001230859e-05
506 5.023999997320061e-05
507 5.032000003666326e-05
508 5.069999997431296e-05
509 5.0779999901351404e-05
510 5.045999992034922e-05
511 5.052000001342094e-05
512 5.0999999984924216e-05
513 5.0959999998667624e-05
514 5.1559999974415405e-05
515 5.1219999977547556e-05
516 5.114000005050912e-05
517 5.1900000016757986e-05
518 5.124000003888796e-05
519 5.1320000011401135e-05
520 5.118000008224044e-05
521 5.2440000081332984e-05
522 5.178000005798822e-05
523 5.1679999933185174e-05
524 5.2320000031613743e-05
525 5.209999994804093e-05
526 5.181999995329534e-05
527 5.208000002312474e-05
528 5.240000009507639e-05
529 5.261999999675027e-05
530 5.241999997451785e-05
531 5.322000001797278e-05
532 5.2739999955520037e-05
533 5.2819999928033214e-05
534 5.3499999921768904e-05
535 5.307999999786262e-05
536 5.285999995976454e-05
537 5.608000001302571e-05
538 5.323999994288897e-05
539 5.3000000025349434e-05
540 5.435999996734608e-05
541 5.345999998098705e-05
542 5.364000007830327e-05
543 5.378000000746397e-05
544 5.458000000544416e-05
545 5.384000000958622e-05
546 5.402000001595297e-05
547 5.5220000058398e-05
548 5.421999999271066e-05
549 5.4399999999077406e-05
550 5.5060000067896905e-05
551 5.458000000544416e-05
552 5.523999998331419e-05
553 5.494000001817767e-05
554 5.4879999970580685e-05
555 5.5199999997057604e-05
556 5.532000004677684e-05
557 5.53400000626425e-05
558 5.5099999963204026e-05
559 5.581999998867104e-05
560 5.559999995057297e-05
561 5.524000002878893e-05
562 5.557999998018204e-05
563 5.580000001828012e-05
564 5.5559999964316376e-05
565 5.6339999991905644e-05
566 5.688000005648064e-05
567 5.6000000040512535e-05
568 5.602000001090346e-05
569 5.7059999971897926e-05
570 5.6220000033135875e-05
571 5.6240000003526805e-05
572 5.697999995391001e-05
573 5.672000002050481e-05
574 5.6679999988773486e-05
575 5.695999998351908e-05
576 5.670000005011389e-05
577 5.6580000045869386e-05
578 5.740000001424051e-05
579 5.74200000755809e-05
580 5.744000004597183e-05
581 5.790000000160944e-05
582 5.710000004910398e-05
583 5.735999998250918e-05
584 6.0559999974429955e-05
585 5.748000012317789e-05
586 5.774000001110835e-05
587 5.833999994138139e-05
588 5.8140000010098444e-05
589 5.801999996037921e-05
590 5.888000000595639e-05
591 5.854000005456328e-05
592 5.8199999966745966e-05
593 5.954000012025063e-05
594 5.8519999947748146e-05
595 5.821999998261163e-05
596 5.855999997947947e-05
597 5.874000003132096e-05
598 5.874000003132096e-05
599 5.9540000029301156e-05
600 5.8859999944615994e-05
601 5.9300000066286886e-05
602 6.085999993956648e-05
603 5.9640000017679995e-05
604 6.0440000015660186e-05
605 5.959999994047394e-05
606 5.9280000004946484e-05
607 6.051999998817337e-05
608 5.959999994047394e-05
609 6.0439999970185454e-05
610 6.010000006426708e-05
611 6.029999999555002e-05
612 6.0239999993427776e-05
613 6.116000008660194e-05
614 6.03799999680632e-05
615 6.0180000036780254e-05
616 6.116000004112721e-05
617 6.0780000012528035e-05
618 6.106000005274836e-05
619 6.19799999640236e-05
620 6.083999992370082e-05
621 6.0980000080235185e-05
622 6.206000002748624e-05
623 6.108000006861402e-05
624 6.19799999640236e-05
625 6.15600000401173e-05
626 6.14800000221294e-05
627 6.359999997584964e-05
628 6.139999995866675e-05
629 6.216000001586508e-05
630 6.26000000465865e-05
631 6.183999998938816e-05
632 6.216000001586508e-05
633 6.250000010368239e-05
634 6.263999998736835e-05
635 6.257999998524611e-05
636 6.332000002657878e-05
637 6.242000004021974e-05
638 6.336000001283537e-05
639 6.238000000848842e-05
640 6.260000000111177e-05
641 6.378000002769114e-05
642 6.34000000445667e-05
643 6.318000000646862e-05
644 6.422000001293782e-05
645 6.345999995573947e-05
646 6.315999999060296e-05
647 6.9500000017797e-05
648 6.373999995048507e-05
649 6.493999999293009e-05
650 6.405999997696198e-05
651 6.366000002344663e-05
652 6.405999993148725e-05
653 6.459999999606226e-05
654 6.430000007640047e-05
655 6.442000003517023e-05
656 6.465999995270977e-05
657 6.46399999368441e-05
658 6.46399999368441e-05
659 6.453999999394e-05
660 6.490000005214825e-05
661 6.501999991996854e-05
662 6.454000003941474e-05
663 6.492000002253918e-05
664 6.572000002051937e-05
665 6.548000001203036e-05
666 6.541999991895863e-05
667 6.53000000056636e-05
668 6.783999997423961e-05
669 6.55800000004092e-05
670 6.578000002264162e-05
671 6.619999994654791e-05
672 6.585999994968006e-05
673 6.630000002587622e-05
674 6.652000001849956e-05
675 6.585999999515479e-05
676 6.678000004285422e-05
677 6.624000002375396e-05
678 6.619999994654791e-05
679 6.694000003335532e-05
680 6.663999997726932e-05
681 6.754000000910309e-05
682 6.687999998575834e-05
683 6.689999995614925e-05
684 6.711999994877261e-05
685 6.745999994564044e-05
686 6.683999999950175e-05
687 6.761999998161627e-05
688 6.735999995726161e-05
689 6.776000000172644e-05
690 6.769999995412946e-05
691 6.789999993088714e-05
692 6.809999990764481e-05
693 6.788000000597094e-05
694 6.844000004093686e-05
695 6.85400000293157e-05
696 6.804000004194677e-05
697 6.894000002830581e-05
698 6.828000000496104e-05
699 6.848000002719345e-05
700 6.868000004942588e-05
701 6.840000005468028e-05
702 6.899999998495332e-05
703 6.864000006316928e-05
704 6.899999998495332e-05
705 6.912000003467256e-05
706 6.881999997858657e-05
707 7.158000003073539e-05
708 6.908000004841597e-05
709 6.928000007064839e-05
710 6.997999994382554e-05
711 6.956000001991924e-05
712 6.994000000304368e-05
713 6.953999995857884e-05
714 6.97199999649456e-05
715 7.009999999354476e-05
716 7.01200001003599e-05
717 7.015999999566702e-05
718 7.013999988885189e-05
719 7.006000005276292e-05
720 7.085999995979365e-05
721 7.05000000380096e-05
722 7.053999988784198e-05
723 7.09999999799038e-05
724 7.100000002537853e-05
725 7.121999997252714e-05
726 7.097999996403814e-05
727 7.117999998627056e-05
728 7.111999998414831e-05
729 7.100000002537853e-05
730 7.203999994089826e-05
731 7.111999998414831e-05
732 7.187999999587191e-05
733 7.128000002012413e-05
734 7.198000002972549e-05
735 7.204000003184774e-05
736 7.173999997576175e-05
737 7.293999997273203e-05
738 7.19399999070447e-05
739 7.248000001709442e-05
740 7.271999993463396e-05
741 7.253999997374194e-05
742 7.309999996323313e-05
743 7.237999998324084e-05
744 7.31199999790988e-05
745 7.288000001608453e-05
746 7.254000001921668e-05
747 7.277999993675621e-05
748 7.330000003094028e-05
749 7.329999998546554e-05
750 7.284000002982793e-05
751 7.321999996747763e-05
752 7.339999992836966e-05
753 7.355999996434548e-05
754 7.42400000035559e-05
755 7.344000000557571e-05
756 7.434000003740948e-05
757 7.38799999908224e-05
758 7.456000007550756e-05
759 7.415999998556799e-05
760 7.439999994858226e-05
761 7.388000003629713e-05
762 7.398000002467597e-05
763 7.457999995494902e-05
764 7.447999996657018e-05
765 7.452000004377623e-05
766 7.50400000015361e-05
767 7.47600000067905e-05
768 7.501999998567044e-05
769 7.468000003427733e-05
770 7.547999998678279e-05
771 7.492000004276634e-05
772 7.556000005024544e-05
773 7.551999997303937e-05
774 7.510000004913308e-05
775 7.590000009258802e-05
776 7.540000005974434e-05
777 7.570000002488086e-05
778 7.56800000090152e-05
779 7.900000005065522e-05
780 7.590000004711328e-05
781 7.673999989492586e-05
782 7.676000004721572e-05
783 7.62000000122498e-05
784 7.683999992877944e-05
785 7.664000004297123e-05
786 7.7300000066316e-05
787 7.640000007995696e-05
788 7.638000010956603e-05
789 7.762000004731817e-05
790 7.71000000895583e-05
791 7.717999997112202e-05
792 7.76000000314525e-05
793 7.80400000166992e-05
794 7.753999998385552e-05
795 7.793999993737089e-05
796 7.739999996374536e-05
797 7.772000003569701e-05
798 7.803999992574972e-05
799 7.802000004630827e-05
800 7.807999995748104e-05
801 7.783999999446677e-05
802 7.823999994798214e-05
803 7.799999998496787e-05
804 7.882000004428846e-05
805 7.8819999953339e-05
806 7.843999997021456e-05
807 7.901999993009667e-05
808 7.812000003468711e-05
809 7.93200000316574e-05
810 7.848000009289536e-05
811 7.864000003792171e-05
812 7.887999995546125e-05
813 8.123999996314523e-05
814 7.936000001791399e-05
815 7.934000000204832e-05
816 7.929999992484227e-05
817 7.995999999366177e-05
818 8.013999995455378e-05
819 7.986000000528292e-05
820 8.084000000962988e-05
821 8.042000004024886e-05
822 8.027999992918922e-05
823 7.994000002327084e-05
824 8.038000000851753e-05
825 8.023999994293263e-05
826 8.079999997789855e-05
827 8.033999993131146e-05
828 8.053999999901862e-05
829 8.060000009209034e-05
830 8.080000002337328e-05
831 8.105999995677848e-05
832 8.103999994091282e-05
833 8.15600000350969e-05
834 8.082000008471368e-05
835 8.163999996213533e-05
836 8.154000001923123e-05
837 8.168000003934139e-05
838 8.097999993879057e-05
839 8.127999999487656e-05
840 8.732000001145934e-05
841 8.230000003095483e-05
842 8.249999996223778e-05
843 8.178000002772024e-05
844 8.24199999897246e-05
845 8.206000006794056e-05
846 8.507999996254512e-05
847 8.232000000134576e-05
848 8.257999988927622e-05
849 8.246000006693067e-05
850 8.323999995809572e-05
851 8.30399999358633e-05
852 8.346000004166854e-05
853 8.318000009239767e-05
854 8.353999996870697e-05
855 8.309999993798556e-05
856 8.372000002054847e-05
857 8.331999997608363e-05
858 8.33199999306089e-05
859 8.348000001205947e-05
860 8.407999998780725e-05
861 8.390000007238996e-05
862 8.345999995071907e-05
863 8.385999999518389e-05
864 8.383999997931823e-05
865 8.479999996779952e-05
866 8.418000002166081e-05
867 8.393999996769708e-05
868 8.389999998144048e-05
869 8.508000000801985e-05
870 8.445999997093167e-05
871 8.470000002489542e-05
872 8.429999998043059e-05
873 8.506000008310366e-05
874 8.505999999215419e-05
875 8.542000005036243e-05
876 8.488000003126217e-05
877 8.572000001549895e-05
878 8.530000004611794e-05
879 8.571999997002422e-05
880 8.548000000700995e-05
881 8.602000002611021e-05
882 8.55199999477918e-05
883 8.589999997639097e-05
884 8.63999999637599e-05
885 8.642000002510031e-05
886 8.621999995739316e-05
887 8.630000011180527e-05
888 8.601999993516075e-05
889 8.683999999448133e-05
890 8.664000001772365e-05
891 8.677999999235908e-05
892 8.62000000779517e-05
893 8.717999999134918e-05
894 8.671999999023682e-05
895 8.7100000018836e-05
896 8.703999997123901e-05
897 8.681999993314094e-05
898 8.735999999771593e-05
899 8.70799999574956e-05
900 8.745999998609477e-05
901 8.760000000620493e-05
902 8.780000011938682e-05
903 8.752000003369176e-05
904 8.805999996184256e-05
905 8.81199999639648e-05
906 8.820000002742744e-05
907 8.795999992798898e-05
908 8.860000002641755e-05
909 8.895999990272685e-05
910 8.795999997346371e-05
911 8.84799999766983e-05
912 8.887999997568841e-05
913 8.892000000741973e-05
914 8.86600000285398e-05
915 8.862000004228321e-05
916 8.845999996083264e-05
917 8.923999998842192e-05
918 8.869999996932165e-05
919 8.920000004764006e-05
920 8.928000002015324e-05
921 8.95800000307645e-05
922 8.905999998205516e-05
923 8.993999999802327e-05
924 8.960000004663016e-05
925 9.01000000339991e-05
926 8.973999997579085e-05
927 8.973999993031612e-05
928 9.030000001075678e-05
929 9.003999998640211e-05
930 9.005999995679304e-05
931 9.056000008058617e-05
932 9.015999994517187e-05
933 9.095999998862681e-05
934 9.068000003935595e-05
935 9.061999999175896e-05
936 9.046000000125786e-05
937 9.333999996670172e-05
938 9.094000006371061e-05
939 9.136000003309163e-05
940 9.082000001399137e-05
941 9.119999995164108e-05
942 9.09399999272864e-05
943 9.134000001722597e-05
944 9.153999999398366e-05
945 9.203999993587786e-05
946 9.160000004158065e-05
947 9.191999993163336e-05
948 9.219999992637895e-05
949 9.196000000883941e-05
950 9.233999994648912e-05
951 9.215999998559709e-05
952 9.207999996760919e-05
953 9.263999995710038e-05
954 9.248000001207401e-05
955 9.275999996134487e-05
956 9.266000001844077e-05
957 9.278000002268527e-05
958 9.34400000005553e-05
959 9.27999999930762e-05
960 9.308000003329652e-05
961 9.330000002591988e-05
962 9.362000009787153e-05
963 9.31999999920663e-05
964 9.345999997094623e-05
965 9.329999998044513e-05
966 9.516000000076019e-05
967 9.376000002703222e-05
968 9.354000003440888e-05
969 9.404000002177781e-05
970 9.383999995407066e-05
971 9.447999991607503e-05
972 9.406000003764348e-05
973 9.524000001874811e-05
974 9.431999997104868e-05
975 9.487999996053987e-05
976 9.466000001339126e-05
977 9.509999999863794e-05
978 9.436000000278e-05
979 9.519999994154205e-05
980 9.463999995205086e-05
981 9.511999996902887e-05
982 9.516000000076019e-05
983 9.485999999014894e-05
984 9.571999999025138e-05
985 9.537999999338353e-05
986 9.55599999997503e-05
987 9.532000003673602e-05
988 9.580000005371403e-05
989 9.640000007493654e-05
990 9.588000007170195e-05
991 9.581999997863023e-05
992 9.63200000114739e-05
993 9.811999998419197e-05
994 9.598000001460605e-05
995 9.654000004957197e-05
996 9.60199999553879e-05
997 0.0001015999999253836
998 9.636000004320522e-05
999 9.800000007089693e-05
1000 9.657999999035383e-05
1001 9.751999996296946e-05
1002 9.806000002754445e-05
1003 9.675999999672057e-05
1004 9.737999998833402e-05
1005 9.712000000945409e-05
1006 9.742000002006534e-05
1007 9.751999996296946e-05
1008 9.795999994821614e-05
1009 9.711999996397935e-05
1010 9.77399999555928e-05
1011 9.86199999715609e-05
1012 9.762000004229777e-05
1013 9.887999995044084e-05
1014 9.815999997044855e-05
1015 0.00010615999995025049
1016 9.829999999055872e-05
1017 9.98999999865191e-05
1018 9.872000000541448e-05
1019 9.921999994730868e-05
1020 0.00010164000000258965
1021 9.882000003926805e-05
1022 9.982000001400593e-05
1023 9.921999999278342e-05
1024 9.964000005311391e-05
1025 9.952000000339467e-05
1026 9.955999998965127e-05
1027 0.00010011999993366771
1028 9.945999991032295e-05
1029 0.0001035799999954179
1030 9.951999995791994e-05
1031 0.00010016000001087378
1032 9.964000005311391e-05
1033 0.00010038000000349712
1034 0.00010023999993791222
1035 9.998000004998175e-05
1036 0.00010067999996863364
1037 0.00010025999990830315
1038 0.00010042000008070318
1039 0.0001001799999812647
1040 0.00010091999997712265
1041 0.0001010000000405853
1042 0.00010064000007332652
1043 0.0001012400000490743
1044 0.00010068000005958311
1045 0.00010124000009454903
1046 0.00010122000003320863
1047 0.00010054000003947294
1048 0.00010155999998460175
1049 0.00010135999996236933
1050 0.00010163999995711492
1051 0.00010136000000784406
1052 0.00010162000003219874
1053 0.00010161999998672399
1054 0.00010182000005443115
1055 0.00010238000008939707
1056 0.00010174000003644323
1057 0.00010244000004604459
1058 0.00010212000001956767
1059 0.00010253999998894869
1060 0.00010212000001956767
1061 0.0001030400000672671
1062 0.00010265999994771847
1063 0.00010258000002068002
1064 0.00010295999995832972
1065 0.00010305999999218329
1066 0.00010324000004402478
1067 0.00010268000000905886
1068 0.00010334000003240363
1069 0.00010401999998066458
1070 0.00010289999995620747
1071 0.00010358000004089263
1072 0.00010383999997429783
1073 0.00010624000001371314
1074 0.00010417999997116567
1075 0.00010369999995418766
1076 0.00010413999993943434
1077 0.00010422000000289699
1078 0.00010449999999764258
1079 0.00010412000001451816
1080 0.00010443999999552034
1081 0.00010481999997864477
1082 0.0001043000000208849
1083 0.00010482000006959425
1084 0.00010435999997753243
1085 0.00010501999990992772
1086 0.00010505999994165904
1087 0.00010471999994479119
1088 0.00010517999999137828
1089 0.00010515999997551262
1090 0.00010557999994489364
1091 0.00010550000006332993
1092 0.00010495999999875494
1093 0.00010609999999360298
1094 0.00010506000003260852
1095 0.00010585999998511398
1096 0.00010594000000310188
1097 0.00010573999998086947
1098 0.00010827999994944548
1099 0.00010607999997773732
1100 0.00010665999998309417
1101 0.00010686000005080131
1102 0.00010637999998834858
1103 0.00010673999995560734
1104 0.00010655999999471532
1105 0.00010693999997783976
1106 0.00011163999997734208
1107 0.00010677999998733866
1108 0.00010732000000643894
1109 0.00010717999998632877
1110 0.00010714000000007217
1111 0.00010733999997682985
1112 0.00010731999996096419
1113 0.0001079599999684433
1114 0.00010731999996096419
1115 0.00010725999995884195
1116 0.00010775999994621089
1117 0.00010732000000643894
1118 0.00010790000005727052
1119 0.00010796000005939277
1120 0.00010798000002978369
1121 0.00010814000002028479
1122 0.00010780000002341694
1123 0.00010839999999916472
1124 0.00010846000000128698
1125 0.0001085000000330183
1126 0.0001089800000499963
1127 0.00010877999998228915
1128 0.0001090799999929004
1129 0.00010889999994105893
1130 0.00010871999998016691
1131 0.0001089800000499963
1132 0.00010919999995167018
1133 0.00010882000001402047
1134 0.00010993999994752812
1135 0.00010917999998127925
1136 0.00010989999996127153
1137 0.00011004000002685643
1138 0.00010957999998026935
1139 0.00011011999995389488
1140 0.00011001999996551604
1141 0.0001105599999846163
1142 0.00011030000000573636
1143 0.00010974000001624517
1144 0.0001106799999888608
1145 0.0001107199999751174
1146 0.0001101800000469666
1147 0.00011245999999118795
1148 0.00011013999996976054
1149 0.00011156000000482891
1150 0.00011108000003332564
1151 0.00011077999997723964
1152 0.00011145999997097533
1153 0.000111479999986841
1154 0.00011084000002483662
1155 0.0001114400000005844
1156 0.00011094000001321547
1157 0.00011189999995622201
1158 0.00011188000003130583
1159 0.00011125999994874292
1160 0.00011188000003130583
1161 0.00011234000003241817
1162 0.00011186000001544017
1163 0.00011214000001018576
1164 0.00011199999994460086
1165 0.00011276000004727394
1166 0.00011230000000068685
1167 0.00011199999994460086
1168 0.00011254000000917585
1169 0.00011243999997532229
1170 0.0001126399999975547
1171 0.00011485999998512852
1172 0.00011301999998067914
1173 0.00011300000001028821
1174 0.00011318000001665496
1175 0.00011285999999017804
1176 0.00011307999998280138
1177 0.00011423999999351508
1178 0.0001133000000663742
1179 0.00011377999999240274
1180 0.0001141800000823423
1181 0.00011374000005162088
1182 0.00011410000001887965
1183 0.00011726000002454384
1184 0.0001142000000072585
1185 0.00011462000002211425
1186 0.00011426000000938074
1187 0.00011423999999351508
1188 0.00011494000000311644
1189 0.00011475999999674969
1190 0.00011519999998199637
1191 0.00011465999991742138
1192 0.00011477999992166587
1193 0.0001154800000222167
1194 0.00011735999996744794
1195 0.00011494000000311644
1196 0.00011507999993227713
1197 0.00011607999999796448
1198 0.00011525999998411862
1199 0.00011598000000958563
1200 0.00011599999997997656
1201 0.0001154800000222167
1202 0.0001163600000381848
1203 0.00011629999999058782
1204 0.00011605999998209882
1205 0.00011657999998533341
1206 0.00011676000003717491
1207 0.00011638000000857573
1208 0.00011632000000645348
1209 0.00011634000002231914
1210 0.00011668000001918699
1211 0.0001166400000329304
1212 0.0001170400000319205
1213 0.00011666000000332133
1214 0.00011723999996320345
1215 0.00011663999998745567
1216 0.00011702000001605484
1217 0.00011951999999837426
1218 0.00011749999994208338
1219 0.00011789999989559874
1220 0.00011773999999604712
1221 0.00011795999998867046
1222 0.00011812000007012102
1223 0.00011791999995693913
1224 0.00011790000003202295
1225 0.00011850000000777073
1226 0.00011843999996017374
1227 0.00011810000005425536
1228 0.00011874000001625973
1229 0.00011884000000463856
1230 0.00011822000001302513
1231 0.00011860000004162429
1232 0.00011888000003636989
1233 0.0001186999999845284
1234 0.00011933999999200751
1235 0.00011933999994653277
1236 0.00011891999997715175
1237 0.00011968000003435009
1238 0.00011980000003859459
1239 0.0001190000000406144
1240 0.00011959999997088744
1241 0.000121339999986958
1242 0.00011928000003535999
1243 0.00012054000003445254
1244 0.00012070000002495362
1245 0.00012057999997523438
1246 0.0001201600000513281
1247 0.00013530000001082954
1248 0.00016448000001219044
1249 0.00012551999998322572
1250 0.00016407999992225087
1251 0.0001206399999318819
1252 0.00012165999996796017
1253 0.00012149999993198435
1254 0.00012086000006092946
1255 0.00012371999996503292
1256 0.00012090000004718603
1257 0.00012067999996361323
1258 0.00012148000000706815
1259 0.00012208000002829068
1260 0.00012163999999756925
1261 0.00012139999989813077
1262 0.0001247800000328425
1263 0.00012202000007164316
1264 0.0001211799999964569
1265 0.00012268000000403845
1266 0.00012232000008225442
1267 0.00012141999991399643
1268 0.00012232000008225442
1269 0.00012270000006537886
1270 0.00012201999998069368
1271 0.00012299999998504062
1272 0.00012728000001516193
1273 0.0001224999999976717
1274 0.00012304000001677194
1275 0.00012286000005587994
1276 0.0001230599999871629
1277 0.00012258000006113435
1278 0.00012842000005548472
1279 0.00012814000006073912
1280 0.00012271999999029503
1281 0.00012415999999575432
1282 0.00012464000001273235
1283 0.00012707999990198006
1284 0.00012392000003274005
1285 0.00012376000004223897
1286 0.00012391999998726533
1287 0.00012350000006335903
1288 0.000124119999964023
1289 0.0001240400000824593
1290 0.00012379999998302083
1291 0.00012409999994815734
1292 0.00012402000006659364
1293 0.00012477999994189303
1294 0.00012416000004122907
1295 0.00012505999998211337
1296 0.00012930000002597808
1297 0.0001248999999916123
1298 0.00012561999997160456
1299 0.00012552000002870046
1300 0.0001249800000096002
1301 0.00012624000000869274
1302 0.00012597999993886334
1303 0.00012500000002546585
1304 0.00012521999997261446
1305 0.00012755999996443278
1306 0.000125999999954729
1307 0.00012565999995786114
1308 0.00012643999993997568
1309 0.00012995999995837337
1310 0.00012671999993472128
1311 0.00012572000000545813
1312 0.00012605999995685124
1313 0.00012637999998332816
1314 0.00012616000012712902
1315 0.00012729999998555285
1316 0.00012765999999828637
1317 0.00012791999993169156
1318 0.00012645999995584135
1319 0.00012724000007438007
1320 0.00012744000005113776
1321 0.00012667999999393942
1322 0.0001268799999706971
1323 0.00013153999998394283
1324 0.0001275400000395166
1325 0.00012718000002678309
1326 0.00013152000001355192
1327 0.00012845999999626655
1328 0.00013930000004620525
1329 0.00012801999996554515
1330 0.00013019999996686238
1331 0.0001400999999987107
1332 0.00012897999995402641
1333 0.00012825999997403414
1334 0.00012854000001425448
1335 0.00012823999995816848
1336 0.0001286799999888899
1337 0.00012850000007347262
1338 0.00012884000002486574
1339 0.0001287599999614031
1340 0.00012874000008196164
1341 0.00012929999998050333
1342 0.00012919999999212451
1343 0.00014127999997981533
1344 0.00012946000001647917
1345 0.00013023999995311896
1346 0.0001326000000062777
1347 0.00012977999999748137
1348 0.0001390399999309011
1349 0.00013012000003982395
1350 0.00013002000000597035
1351 0.00013036000004831294
1352 0.00012946000001647917
1353 0.00013055999997959588
1354 0.00012998000001971378
1355 0.0001303199999711069
1356 0.00012989999995625113
1357 0.0001307000000451808
1358 0.00013055999993412116
1359 0.00013109999999869615
1360 0.00013154000002941758
1361 0.00013145999996595493
1362 0.00013133999996171042
1363 0.00013045999994574232
1364 0.0001311800000621588
1365 0.00013134000000718514
1366 0.00013356000004023373
1367 0.00013100000005579205
1368 0.00013138000003891647
1369 0.00013194000002840766
1370 0.00013159999998606508
1371 0.00013590000003205205
1372 0.00013192000005801674
1373 0.00013195999995332385
1374 0.000132220000068628
1375 0.00013176000006751565
1376 0.00013226000000940986
1377 0.00013246000003164227
1378 0.00013254000000415545
1379 0.0001334000000042579
1380 0.00013255999997454637
1381 0.00013331999998626997
1382 0.00013455999992402213
1383 0.00013364000001274688
1384 0.00013352000009945187
1385 0.00013297999998940213
1386 0.0001355000000785367
1387 0.0001326199999311939
1388 0.0001382200000080047
1389 0.000134280000020226
1390 0.00013674000001628883
1391 0.00013344000003598922
1392 0.00013690000000678992
1393 0.00013474000002133835
1394 0.00013473999993038888
1395 0.00013539999999920838
1396 0.0001340800000434683
1397 0.00013451999998324027
1398 0.00013449999992189987
1399 0.0001338599999598955
1400 0.000134280000020226
1401 0.0001349600000139617
1402 0.00013470000003508177
1403 0.00013460000004670292
1404 0.0001348000000234606
1405 0.0001349600000139617
1406 0.0001382200000080047
1407 0.00013497999998435262
1408 0.00013522000003831635
1409 0.00013563999996222265
1410 0.0001350599999568658
1411 0.0001357399999506015
1412 0.0001395799999954761
1413 0.00013648000008288365
1414 0.00013997999994899146
1415 0.00013679999997293635
1416 0.0001360000000204309
1417 0.00013612000007015012
1418 0.00013627999996970174
1419 0.00013669999993908276
1420 0.00013623999998344516
1421 0.00013622000005852897
1422 0.00013748000001214677
1423 0.00013760000001639128
1424 0.0001374999999825377
1425 0.00013707999996768195
1426 0.0001404600000114442
1427 0.00013743999998041544
1428 0.0001372799999444396
1429 0.000146500000028027
1430 0.00013694000003852124
1431 0.00013788000001113687
1432 0.00013736000000790226
1433 0.00013783999997940555
1434 0.00013729999996030527
1435 0.0001379200000428682
1436 0.00013886000001548383
1437 0.000139179999996486
1438 0.00013841999993928765
1439 0.00013808000003336928
1440 0.0001385599999139231
1441 0.00013865999990230192
1442 0.00013809999995828548
1443 0.00013854000003448163
1444 0.0001387800000884454
1445 0.0001405399999839574
1446 0.00013929999995525576
1447 0.00013932000006207091
1448 0.0001397800000177085
1449 0.0001412800000707648
1450 0.00014168000002428015
1451 0.00014744000000064262
1452 0.00016748000002735352
1453 0.0001494000000093365
1454 0.00013990000002195302
1455 0.000140279999914128
1456 0.0001395999999203923
1457 0.00014138000005914364
1458 0.00014011999996910163
1459 0.0001442399999632471
1460 0.00014060000003155438
1461 0.00014032000003680878
1462 0.0001408600000104343
1463 0.00014372000000548724
1464 0.00014038000003893102
1465 0.00014000000005580658
1466 0.00014535999994222948
1467 0.0001408399999490939
1468 0.0001405599999088736
1469 0.00014043999999557855
1470 0.00014112000012573845
1471 0.0001409200000580313
1472 0.00014092000001255655
1473 0.0001414199999999255
1474 0.00014130000004115574
1475 0.00014194000000316008
1476 0.0001425800000106392
1477 0.00014175999995131862
1478 0.0001412600000094244
1479 0.00014184000006025598
1480 0.00015053999995870982
1481 0.00014203999999153893
1482 0.00014510000000882427
1483 0.00014212000000952686
1484 0.00014257999996516446
1485 0.00014308000008895761
1486 0.00014259999998103012
1487 0.000142020000021148
1488 0.00014265999998315239
1489 0.00014240000000427245
1490 0.00014289999994616666
1491 0.00014296000003923836
1492 0.0001426799999535433
1493 0.0001433400000223628
1494 0.0001429599999482889
1495 0.0001432200000181183
1496 0.00014327999997476581
1497 0.00014393999999811057
1498 0.0001440200000160985
1499 0.00014313999995465564
1500 0.00014378000000760948
1501 0.00014679999994768878
1502 0.00014428000004045315
1503 0.00014400000004570755
1504 0.0001439199999367702
1505 0.00014393999995263585
1506 0.0001448799999707262
1507 0.0001442200000383309
1508 0.0001445000000330765
1509 0.00014499999992949596
1510 0.0001443000000108441
1511 0.00014479999999821301
1512 0.00014465999997810287
1513 0.00014536000003317895
1514 0.00014488000001620094
1515 0.00014457999996011494
1516 0.00014687999996567668
1517 0.00015396000007967815
1518 0.00014541999994435172
1519 0.00014845999999124615
1520 0.0001469000000724918
1521 0.00014525999999932538
1522 0.00014645999999629566
1523 0.00014633999994657644
1524 0.00015582000000904372
1525 0.0001469399999223242
1526 0.0001462200000332814
1527 0.00014580000006390038
1528 0.00014639999999417342
1529 0.00014835999995739259
1530 0.0001471800000672374
1531 0.00014682000000902916
1532 0.0001468399999794201
1533 0.00014696000002913933
1534 0.00014716000005137174
1535 0.0001473199999963981
1536 0.00014725999994880112
1537 0.0001501199999893288
1538 0.0001480800000081217
1539 0.00014694000001327367
1540 0.0001476600000387407
1541 0.00014786000001549838
1542 0.0001473999999689113
1543 0.0001473999999689113
1544 0.00014845999999124615
1545 0.00014857999999549066
1546 0.0001475800000207528
1547 0.00014790000000175496
1548 0.00014794000003348629
1549 0.00014820000001236622
1550 0.00014788000003136404
1551 0.00014811999994890357
1552 0.00014838000001873297
1553 0.00014869999999973517
1554 0.00014852000003884314
1555 0.000148559999979625
1556 0.000149880000117264
1557 0.00014925999998922635
1558 0.00015041999999994006
1559 0.00015005999994173181
1560 0.00014954000002944667
1561 0.00014952000010453047
1562 0.00014979999991737714
1563 0.00014926000003470107
1564 0.0001498399999945832
1565 0.00015029999999569555
1566 0.00015036000004329254
1567 0.00016453999996883794
1568 0.00015087999995557765
1569 0.0001504999999269785
1570 0.00015009999997346314
1571 0.00015122000004339498
1572 0.0001511799999207142
1573 0.00015359999997599516
1574 0.00015091999998730898
1575 0.00015088000004652712
1576 0.00015042000004541478
1577 0.00015135999997255566
1578 0.00015137999998842132
1579 0.00015130000006138288
1580 0.0001510599999619444
1581 0.00015215999992506112
1582 0.00015124000005926064
1583 0.00015142000002015265
1584 0.00015127999995456776
1585 0.00015230000012707024
1586 0.00015663999997741484
1587 0.00015181999997366803
1588 0.00015275999994628363
1589 0.00015301999992516356
1590 0.00015206000007310648
1591 0.00015398000005006907
1592 0.00015303999994102923
1593 0.00015294000004359987
1594 0.0001526000000012573
1595 0.0001528000000234897
1596 0.00015302000001611306
1597 0.0001526000000012573
1598 0.00015313999997488282
1599 0.00015346000004683446
1600 0.0001536000000214699
1601 0.00015306000000236963
1602 0.00015359999997599516
1603 0.00015402000003632564
1604 0.00015314000002035754
1605 0.0001553799999783223
1606 0.0001538800000162155
1607 0.00015419999999721767
1608 0.00015585999999530032
1609 0.00015466000008927948
1610 0.0001543600000331935
1611 0.00015363999996225174
1612 0.0001538400000299589
1613 0.0001546000000416825
1614 0.00015479999992749072
1615 0.00015538000002379704
1616 0.00015468000005967042
1617 0.0001554800000576506
1618 0.00015476000007765833
1619 0.0001545399999940855
1620 0.00015564000000267697
1621 0.00015578000006826186
1622 0.00015593999996781348
1623 0.0001562000000376429
1624 0.00015613999994457117
1625 0.00015730000009170909
1626 0.00015572000006613962
1627 0.00015515999998569897
1628 0.0001563999999234511
1629 0.0001568199999837816
1630 0.0001559600000291539
1631 0.0001564199999847915
1632 0.00015662000000702392
1633 0.00015597999990859534
1634 0.00015674000001126843
1635 0.0001559600000291539
1636 0.00015723999999863735
1637 0.00015711999994891813
1638 0.00015691999992668572
1639 0.00015706000003774535
1640 0.00015765999996801837
1641 0.00015688000007685332
1642 0.00015853999998398648
1643 0.00015624000002389948
1644 0.00015746000003673543
1645 0.00015741999995952938
1646 0.00015796000002410437
1647 0.00015767999998388403
1648 0.00015718000004198983
1649 0.00015834000005270353
1650 0.0001580800000738236
1651 0.00015744000002086976
1652 0.00015787999996064173
1653 0.00015845999996599858
1654 0.00015817999997125298
1655 0.00015873999996074417
1656 0.00015887999998085434
1657 0.00015924000003906258
1658 0.0001587799999924755
1659 0.00016219999997701962
1660 0.00015937999996822326
1661 0.0001585800000157178
1662 0.00015932000001157577
1663 0.0001595600000655395
1664 0.0001594599999862112
1665 0.00015933999993649194
1666 0.000159079999957612
1667 0.00015933999998196668
1668 0.00015962000002218702
1669 0.00016026000007514086
1670 0.0001592999999957101
1671 0.00015998000003492052
1672 0.00016020000002754388
1673 0.00016050000003815513
1674 0.00015998000003492052
1675 0.00016028000000005703
1676 0.0001624200000151177
1677 0.00016153999999914958
1678 0.00016080000000329164
1679 0.0001606399999218411
1680 0.00016015999999581255
1681 0.00016123999998853832
1682 0.0001606800000899966
1683 0.00016155999996954052
1684 0.00016130000008161006
1685 0.00016160000004674657
1686 0.00016147999999702734
1687 0.00016140000002451416
1688 0.00016224000000875094
1689 0.00016228000004048226
1690 0.000161500000012893
1691 0.0001622199999019358
1692 0.00016222000003836002
1693 0.0001624599999104248
1694 0.00016334000010829187
1695 0.0001633999999739899
1696 0.00016300000006594929
1697 0.00016301999999086548
1698 0.0001627399999051704
1699 0.0001631400000405847
1700 0.00016297999995913416
1701 0.00016248000001723996
1702 0.000163319999956002
1703 0.00016317999998136657
1704 0.0001638200000343204
1705 0.0001635400000395748
1706 0.00016387999994549318
1707 0.00016347999999197783
1708 0.000162839999939024
1709 0.0001638399999592366
1710 0.00016326000004482922
1711 0.00016418000000157918
1712 0.00016436000000794593
1713 0.00016405999995185993
1714 0.00016381999994337094
1715 0.0001643999999942025
1716 0.00016414000001532258
1717 0.00016504000000168163
1718 0.00016384000000471132
1719 0.00016420000001744485
1720 0.00016446000008727424
1721 0.00016477999997732695
1722 0.00016494000001330278
1723 0.00016536000011910801
1724 0.00016490000007252092
1725 0.0001647599999614613
1726 0.00016436000000794593
1727 0.00016641999995954394
1728 0.00016541999998480604
1729 0.00016602000000602856
1730 0.00016771999999036779
1731 0.00016621999998278625
1732 0.000165859999924578
1733 0.00016607999996267608
1734 0.00016607999996267608
1735 0.00016630000000077415
1736 0.00016585999997005275
1737 0.0001665000000230066
1738 0.00016556000000491621
1739 0.00016612000003988215
1740 0.0001660200000515033
1741 0.00016711999996914527
1742 0.00016692000003786233
1743 0.00016811999994388317
1744 0.0001671799999257928
1745 0.00016711999992367055
1746 0.00016718000001674226
1747 0.0001673199999913777
1748 0.00016786000001047796
1749 0.0001681599999756145
1750 0.0001674399999956222
1751 0.0001674999999522697
1752 0.00016722000000299886
1753 0.00016770000006545162
1754 0.0001682600000549428
1755 0.00016753999993852632
1756 0.00016785999996500324
1757 0.000168759999996837
1758 0.00016831999996611558
1759 0.00016954000002442627
1760 0.00016855999997460457
1761 0.0001688800000010815
1762 0.0001678799999808689
1763 0.0001682600000549428
1764 0.0001688800000010815
1765 0.00016895999997359467
1766 0.00016975999992610013
1767 0.00016911999996409576
1768 0.00016934000000219386
1769 0.00016991999996207596
1770 0.00016945999996096362
1771 0.00016908000002331393
1772 0.0001694999999472202
1773 0.0001702600000498933
1774 0.0001692000000275584
1775 0.00017149999994217068
1776 0.0001698600000963779
1777 0.00017027999997480946
1778 0.0001702000000022963
1779 0.0001703600000382721
1780 0.00017064000007849245
1781 0.00017146000000138882
1782 0.0001704199999494449
1783 0.00017045999998117624
1784 0.00017026000000441854
1785 0.00017083999996430065
1786 0.00017091999998228858
1787 0.00017090000005737238
1788 0.0001715200000035111
1789 0.00017115999999077757
1790 0.0001724000000194792
1791 0.00017086000002564106
1792 0.0001717200000257435
1793 0.00017119999997703417
1794 0.00017135999996753526
1795 0.00017179999995278194
1796 0.00017159999997602428
1797 0.00017247999999199238
1798 0.00017618000006223156
1799 0.00017158000000563333
1800 0.00017186000000037893
1801 0.00017273999997087232
1802 0.0001722999999856256
1803 0.00017189999998663553
1804 0.0001721999999972468
1805 0.00017275999994126323
1806 0.0001749000000017986
1807 0.0001729600000089704
1808 0.0001733799999783514
1809 0.00017374000003655965
1810 0.00017339999999421707
1811 0.00017283999995925113
1812 0.00017311999999947147
1813 0.00017376000000695057
1814 0.00017944000001079985
1815 0.0001738000000386819
1816 0.00017349999998259591
1817 0.00017431999999644175
1818 0.00017396000007465772
1819 0.00017388000001119507
1820 0.000173659999973097
1821 0.00017607999998290325
1822 0.00017410000000381843
1823 0.00017451999997319945
1824 0.00017493999994258047
1825 0.00017492000006313901
1826 0.00017477999999755412
1827 0.00017428000001018518
1828 0.0001745399999890651
1829 0.00017502000000604311
1830 0.00017486000001554203
1831 0.00017487999998593294
1832 0.00017544000002089888
1833 0.00017542000000503322
1834 0.00017469999988861673
1835 0.0001752800000303978
1836 0.00017745999998624028
1837 0.00017554000005475244
1838 0.000175779999972292
1839 0.000175299999955314
1840 0.00017514000001028762
1841 0.00017595999997865874
1842 0.00017603999990569718
1843 0.00017576000000190105
1844 0.0001767799999925046
1845 0.00017648000007284282
1846 0.0001760599999670376
1847 0.00017612000001463458
1848 0.00017635999997764885
1849 0.00017674000005172275
1850 0.00017637999994803976
1851 0.0001836399999774585
1852 0.0001838799999859475
1853 0.0001830000001064036
1854 0.0001775400000042282
1855 0.00017748000000210594
1856 0.00017750000006344635
1857 0.0001780399999461224
1858 0.00017758000003595953
1859 0.0001778199999989738
1860 0.00017766000005394744
1861 0.00017754000004970293
1862 0.00017734000002747052
1863 0.00018113999994966433
1864 0.00017816000004131639
1865 0.00017871999998533283
1866 0.00017845999996097818
1867 0.00018095999998877233
1868 0.0001820799999677547
1869 0.00017930000008163914
1870 0.00017836000001807405
1871 0.00017911999993884818
1872 0.00017815999999584164
1873 0.00017940000002454327
1874 0.00017874000004667324
1875 0.00017875999997158943
1876 0.00017928000002029876
1877 0.00017970000003515453
1878 0.000178860000005443
1879 0.0001790599999822007
1880 0.00017939999988811906
1881 0.00017973999997593636
1882 0.00018285999994986922
1883 0.00018006000000241328
1884 0.00017985999998018087
1885 0.000180439999940063
1886 0.0001800200000161567
1887 0.00018076000001201464
1888 0.00018009999998866988
1889 0.00018058000005112264
1890 0.00018018000005213253
1891 0.00017998000002990012
1892 0.00018029999996542755
1893 0.0001807800000278803
1894 0.00018047999992631958
1895 0.00018069999991894293
1896 0.00018252000004395085
1897 0.00018152000011468773
1898 0.00018108000003849156
1899 0.00018113999999513908
1900 0.00018114000004061382
1901 0.0001813800000036281
1902 0.0001813800000036281
1903 0.0001818799999455223
1904 0.00018129999998564016
1905 0.0001823400000375841
1906 0.000181700000030105
1907 0.0001816799999687646
1908 0.00018236000000797502
1909 0.0001822399999582558
1910 0.00018208000001322943
1911 0.0001839000000472879
1912 0.00018239999999423163
1913 0.00018292000004294096
1914 0.00018267999994350247
1915 0.0001826399999572459
1916 0.00018264000004819536
1917 0.00018295999998372282
1918 0.00018245999999635387
1919 0.00018315999996048048
1920 0.00018341999998483516
1921 0.00018328000005567445
1922 0.00018310000009478245
1923 0.00018319999994673709
1924 0.00018412000003991124
1925 0.000184060000037789
1926 0.00018469999999979337
1927 0.000183580000020811
1928 0.00018368000000918984
1929 0.00018425999996907194
1930 0.00018461999998180544
1931 0.00018396000000393543
1932 0.00018416000002616784
1933 0.00018483999992895405
1934 0.0001847000000452681
1935 0.00018457999995007411
1936 0.00018440000003465683
1937 0.00018509999999878347
1938 0.00018522000000302795
1939 0.00018461999998180544
1940 0.00018672000001060952
1941 0.00018558000001576148
1942 0.00018534000000727246
1943 0.00018562000009296752
1944 0.00018563999992693425
1945 0.0001854599999205675
1946 0.0001853400000527472
1947 0.00018518000001677137
1948 0.00018558000001576148
1949 0.00018616000002111833
1950 0.00018603999997139907
1951 0.0001859000000422384
1952 0.0001857800000379939
1953 0.00018644000001586392
1954 0.00018655999997463368
1955 0.00018804000005729905
1956 0.00018634000002748508
1957 0.00018684000001485402
1958 0.00018683999996937928
1959 0.00018675999995139138
1960 0.0001867599999968661
1961 0.00018720000002758752
1962 0.00018718000001172186
1963 0.00018725999998423504
1964 0.00018749999999272403
1965 0.00018738000003395427
1966 0.0001878000000033353
1967 0.0001870799999778683
1968 0.00018772000007629685
1969 0.00018814000009115261
1970 0.00018798000005517678
1971 0.00018779999995786057
1972 0.00018798000005517678
1973 0.00018776000006255346
1974 0.00018846000002668007
1975 0.0001881600000160688
1976 0.00018811999993886274
1977 0.00018870000003516906
1978 0.00018847999999707099
1979 0.00018902000006164598
1980 0.00018863999998757207
1981 0.00018893999990723386
1982 0.0001894599999559432
1983 0.00018882000003941357
1984 0.00019083999995928025
1985 0.0001896600000691251
1986 0.00018918000000667234
1987 0.00018935999992208963
1988 0.0001894999999421998
1989 0.00018958000005113717
1990 0.00018944000007650174
1991 0.00018952000004901493
1992 0.00019025999999939814
1993 0.0001907200000005105
1994 0.00019029999998565472
1995 0.0001899799999591778
1996 0.00019039999997403357
1997 0.0001907399999709014
1998 0.00019207999994250713
1999 0.00019098000002486514
2000 0.00019011999997928797
