1 5.200000032345998e-07
2 2.99999987873889e-07
3 2.4000000848900526e-07
4 2.799999720082269e-07
5 2.7999999474559445e-07
6 2.5999995614256475e-07
7 3.000000106112566e-07
8 2.7999999474559445e-07
9 2.4000000848900526e-07
10 2.600000016172999e-07
11 2.80000017482962e-07
12 2.600000016172999e-07
13 3.000000106112566e-07
14 3.200000264769187e-07
15 3.000000106112566e-07
16 2.80000017482962e-07
17 2.80000017482962e-07
18 2.7999999474559445e-07
19 2.600000243546674e-07
20 2.7999999474559445e-07
21 2.600000243546674e-07
22 2.80000017482962e-07
23 2.799999720082269e-07
24 2.80000017482962e-07
25 2.7999999474559445e-07
26 3.000000106112566e-07
27 2.7999999474559445e-07
28 2.7999999474559445e-07
29 2.80000017482962e-07
30 2.600000016172999e-07
31 2.80000017482962e-07
32 2.600000016172999e-07
33 2.599999788799323e-07
34 2.2000003809807823e-07
35 2.600000243546674e-07
36 2.7999999474559445e-07
37 2.600000016172999e-07
38 2.200000153607107e-07
39 1.9999999949504855e-07
40 2.399999630142702e-07
41 2.80000017482962e-07
42 2.599999788799323e-07
43 2.600000243546674e-07
44 2.5999993340519724e-07
45 2.7999999474559445e-07
46 2.799999720082269e-07
47 2.80000017482962e-07
48 3.000000106112566e-07
49 2.399999630142702e-07
50 2.3999998575163774e-07
51 2.80000017482962e-07
52 3.000000106112566e-07
53 2.600000016172999e-07
54 2.80000017482962e-07
55 3.000000106112566e-07
56 2.4000000848900526e-07
57 2.80000017482962e-07
58 2.7999999474559445e-07
59 2.600000016172999e-07
60 2.599999788799323e-07
61 2.600000243546674e-07
62 2.7999999474559445e-07
63 2.600000243546674e-07
64 2.600000243546674e-07
65 2.7999999474559445e-07
66 3.000000106112566e-07
67 2.80000017482962e-07
68 3.000000106112566e-07
69 2.99999987873889e-07
70 3.000000106112566e-07
71 2.4000000848900526e-07
72 2.600000016172999e-07
73 3.000000106112566e-07
74 2.600000016172999e-07
75 2.7999999474559445e-07
76 2.80000017482962e-07
77 2.3999998575163774e-07
78 2.600000243546674e-07
79 2.1999994714860804e-07
80 2.7999999474559445e-07
81 2.399999630142702e-07
82 2.7999999474559445e-07
83 2.599999788799323e-07
84 2.7999999474559445e-07
85 2.799999720082269e-07
86 3.000000106112566e-07
87 2.599999788799323e-07
88 2.7999994927085937e-07
89 3.000000106112566e-07
90 2.7999994927085937e-07
91 2.600000243546674e-07
92 2.7999999474559445e-07
93 2.80000017482962e-07
94 2.799999720082269e-07
95 2.80000017482962e-07
96 2.599999788799323e-07
97 2.399999630142702e-07
98 2.7999999474559445e-07
99 2.7999999474559445e-07
100 2.600000016172999e-07
101 3.000000106112566e-07
102 2.99999987873889e-07
103 2.80000017482962e-07
104 2.7999999474559445e-07
105 2.7999999474559445e-07
106 2.99999987873889e-07
107 2.5999995614256475e-07
108 2.99999987873889e-07
109 2.7999999474559445e-07
110 2.7999999474559445e-07
111 2.600000016172999e-07
112 2.3999998575163774e-07
113 3.000000106112566e-07
114 2.4000000848900526e-07
115 2.4000000848900526e-07
116 2.7999999474559445e-07
117 2.600000016172999e-07
118 2.7999999474559445e-07
119 2.80000017482962e-07
120 2.799999720082269e-07
121 2.3999998575163774e-07
122 2.4000000848900526e-07
123 2.99999987873889e-07
124 3.000000106112566e-07
125 2.80000017482962e-07
126 2.799999720082269e-07
127 2.3999998575163774e-07
128 2.600000016172999e-07
129 2.7999999474559445e-07
130 2.599999788799323e-07
131 2.3999998575163774e-07
132 2.80000017482962e-07
133 2.7999999474559445e-07
134 2.599999788799323e-07
135 2.7999999474559445e-07
136 3.000000106112566e-07
137 2.600000016172999e-07
138 2.7999999474559445e-07
139 2.7999999474559445e-07
140 3.000000106112566e-07
141 2.7999999474559445e-07
142 2.3999998575163774e-07
143 2.799999720082269e-07
144 2.599999788799323e-07
145 1.9999997675768099e-07
146 2.2000003809807823e-07
147 2.4000000848900526e-07
148 2.599999788799323e-07
149 2.7999999474559445e-07
150 2.600000016172999e-07
151 2.80000017482962e-07
152 2.999999651365215e-07
153 2.3999998575163774e-07
154 2.4000000848900526e-07
155 2.3999998575163774e-07
156 2.80000017482962e-07
157 3.000000106112566e-07
158 2.999999651365215e-07
159 2.7999999474559445e-07
160 2.99999987873889e-07
161 2.80000017482962e-07
162 2.3999998575163774e-07
163 2.80000017482962e-07
164 3.2000000373955115e-07
165 2.7999999474559445e-07
166 2.600000243546674e-07
167 2.80000017482962e-07
168 3.000000106112566e-07
169 2.7999999474559445e-07
170 2.7999999474559445e-07
171 3.000000106112566e-07
172 2.7999999474559445e-07
173 2.600000243546674e-07
174 2.80000017482962e-07
175 2.80000017482962e-07
176 2.999999651365215e-07
177 2.7999999474559445e-07
178 2.600000243546674e-07
179 2.3999998575163774e-07
180 2.99999987873889e-07
181 2.80000017482962e-07
182 2.599999788799323e-07
183 2.999999651365215e-07
184 2.600000243546674e-07
185 2.600000016172999e-07
186 2.99999987873889e-07
187 2.5999995614256475e-07
188 2.7999994927085937e-07
189 2.400000312263728e-07
190 2.600000016172999e-07
191 3.000000106112566e-07
192 2.80000017482962e-07
193 2.80000017482962e-07
194 3.000000106112566e-07
195 3.000000106112566e-07
196 2.600000016172999e-07
197 3.000000106112566e-07
198 2.80000017482962e-07
199 2.599999788799323e-07
200 2.799999720082269e-07
201 2.599999788799323e-07
202 2.80000017482962e-07
203 2.600000016172999e-07
204 2.600000243546674e-07
205 3.399999968678458e-07
206 3.000000106112566e-07
207 2.7999999474559445e-07
208 2.80000017482962e-07
209 2.399999630142702e-07
210 2.600000016172999e-07
211 2.80000017482962e-07
212 2.799999720082269e-07
213 2.600000243546674e-07
214 2.3999998575163774e-07
215 2.7999999474559445e-07
216 2.799999720082269e-07
217 2.7999999474559445e-07
218 2.799999720082269e-07
219 2.600000016172999e-07
220 2.600000243546674e-07
221 3.000000106112566e-07
222 2.3999998575163774e-07
223 2.99999987873889e-07
224 2.7999999474559445e-07
225 2.600000243546674e-07
226 2.600000016172999e-07
227 2.7999999474559445e-07
228 3.000000106112566e-07
229 2.80000017482962e-07
230 3.000000106112566e-07
231 2.600000243546674e-07
232 2.7999999474559445e-07
233 2.7999999474559445e-07
234 2.80000017482962e-07
235 2.600000016172999e-07
236 2.7999999474559445e-07
237 2.7999999474559445e-07
238 2.7999994927085937e-07
239 2.99999987873889e-07
240 2.7999999474559445e-07
241 2.99999987873889e-07
242 3.000000106112566e-07
243 3.000000106112566e-07
244 2.600000016172999e-07
245 2.80000017482962e-07
246 2.7999999474559445e-07
247 2.600000243546674e-07
248 2.99999987873889e-07
249 2.600000016172999e-07
250 2.600000016172999e-07
251 2.600000243546674e-07
252 2.7999999474559445e-07
253 2.80000017482962e-07
254 2.99999987873889e-07
255 2.80000017482962e-07
256 2.799999720082269e-07
257 2.600000243546674e-07
258 2.5999995614256475e-07
259 2.7999999474559445e-07
260 2.399999630142702e-07
261 2.1999996988597558e-07
262 2.7999999474559445e-07
263 2.7999999474559445e-07
264 3.000000106112566e-07
265 2.599999788799323e-07
266 2.799999720082269e-07
267 2.7999999474559445e-07
268 3.000000106112566e-07
269 2.599999788799323e-07
270 2.80000017482962e-07
271 2.7999999474559445e-07
272 3.000000106112566e-07
273 2.80000017482962e-07
274 2.7999999474559445e-07
275 2.7999999474559445e-07
276 2.599999788799323e-07
277 2.80000017482962e-07
278 3.000000106112566e-07
279 2.9999994239915394e-07
280 2.7999999474559445e-07
281 3.000000106112566e-07
282 2.99999987873889e-07
283 2.7999999474559445e-07
284 2.7999999474559445e-07
285 2.7999999474559445e-07
286 2.7999999474559445e-07
287 2.99999987873889e-07
288 2.4000000848900526e-07
289 2.80000017482962e-07
290 2.80000017482962e-07
291 2.599999788799323e-07
292 2.999999651365215e-07
293 2.999999651365215e-07
294 3.000000106112566e-07
295 2.799999720082269e-07
296 2.999999651365215e-07
297 2.799999720082269e-07
298 2.7999999474559445e-07
299 2.7999999474559445e-07
300 2.600000243546674e-07
301 2.600000016172999e-07
302 2.7999999474559445e-07
303 2.799999720082269e-07
304 2.600000016172999e-07
305 2.99999987873889e-07
306 2.7999999474559445e-07
307 3.0000003334862415e-07
308 2.7999999474559445e-07
309 2.80000017482962e-07
310 3.2000000373955115e-07
311 2.99999987873889e-07
312 2.7999999474559445e-07
313 2.7999994927085937e-07
314 2.600000016172999e-07
315 2.80000017482962e-07
316 2.99999987873889e-07
317 2.600000243546674e-07
318 2.80000017482962e-07
319 2.80000017482962e-07
320 2.80000017482962e-07
321 2.7999999474559445e-07
322 2.599999788799323e-07
323 2.7999999474559445e-07
324 2.99999987873889e-07
325 2.600000243546674e-07
326 2.799999720082269e-07
327 3.000000106112566e-07
328 2.600000016172999e-07
329 2.99999987873889e-07
330 3.000000106112566e-07
331 2.600000016172999e-07
332 2.7999999474559445e-07
333 2.600000243546674e-07
334 2.600000016172999e-07
335 2.80000017482962e-07
336 3.000000106112566e-07
337 3.000000106112566e-07
338 2.80000017482962e-07
339 3.000000106112566e-07
340 2.7999999474559445e-07
341 2.7999999474559445e-07
342 2.7999999474559445e-07
343 3.000000106112566e-07
344 2.99999987873889e-07
345 2.7999999474559445e-07
346 2.99999987873889e-07
347 2.7999999474559445e-07
348 2.600000016172999e-07
349 2.999999651365215e-07
350 2.600000243546674e-07
351 2.599999788799323e-07
352 2.600000016172999e-07
353 2.99999987873889e-07
354 2.80000017482962e-07
355 2.999999651365215e-07
356 2.80000017482962e-07
357 2.600000016172999e-07
358 2.80000017482962e-07
359 2.80000017482962e-07
360 2.80000017482962e-07
361 3.000000106112566e-07
362 2.80000017482962e-07
363 2.799999720082269e-07
364 3.000000106112566e-07
365 2.80000017482962e-07
366 3.200000264769187e-07
367 2.80000017482962e-07
368 2.7999999474559445e-07
369 3.000000106112566e-07
370 2.400000312263728e-07
371 3.000000106112566e-07
372 2.600000016172999e-07
373 2.600000243546674e-07
374 2.7999999474559445e-07
375 2.2000003809807823e-07
376 2.7999999474559445e-07
377 2.599999788799323e-07
378 2.80000017482962e-07
379 3.1400000352732603e-06
380 3.000000106112566e-07
381 2.7999999474559445e-07
382 2.99999987873889e-07
383 2.7999999474559445e-07
384 2.80000017482962e-07
385 2.80000017482962e-07
386 3.000000106112566e-07
387 2.7999999474559445e-07
388 2.599999788799323e-07
389 3.000000106112566e-07
390 2.799999720082269e-07
391 2.4000000848900526e-07
392 2.599999788799323e-07
393 2.80000017482962e-07
394 2.999999651365215e-07
395 2.600000016172999e-07
396 2.4000000848900526e-07
397 2.80000017482962e-07
398 2.599999788799323e-07
399 2.80000017482962e-07
400 2.7999999474559445e-07
401 3.000000106112566e-07
402 2.600000016172999e-07
403 3.000000106112566e-07
404 2.599999788799323e-07
405 3.000000106112566e-07
406 2.7999999474559445e-07
407 2.7999999474559445e-07
408 2.600000243546674e-07
409 2.600000243546674e-07
410 2.99999987873889e-07
411 2.600000243546674e-07
412 2.599999788799323e-07
413 2.80000017482962e-07
414 2.7999999474559445e-07
415 3.000000106112566e-07
416 2.599999788799323e-07
417 2.600000243546674e-07
418 2.7999999474559445e-07
419 3.000000106112566e-07
420 2.99999987873889e-07
421 2.600000016172999e-07
422 2.99999987873889e-07
423 2.600000016172999e-07
424 3.2000000373955115e-07
425 3.000000106112566e-07
426 2.4000000848900526e-07
427 2.80000017482962e-07
428 2.7999999474559445e-07
429 2.4000000848900526e-07
430 3.000000106112566e-07
431 2.7999999474559445e-07
432 2.599999788799323e-07
433 2.99999987873889e-07
434 2.99999987873889e-07
435 2.80000017482962e-07
436 2.599999788799323e-07
437 2.599999788799323e-07
438 2.600000016172999e-07
439 3.000000106112566e-07
440 3.000000106112566e-07
441 2.600000016172999e-07
442 3.000000106112566e-07
443 2.399999630142702e-07
444 2.799999720082269e-07
445 2.599999788799323e-07
446 2.600000243546674e-07
447 2.7999999474559445e-07
448 2.600000016172999e-07
449 3.000000106112566e-07
450 3.000000106112566e-07
451 2.600000016172999e-07
452 2.600000016172999e-07
453 2.799999720082269e-07
454 2.8000004022032953e-07
455 2.799999720082269e-07
456 3.000000106112566e-07
457 2.3999998575163774e-07
458 2.4000000848900526e-07
459 2.799999720082269e-07
460 2.799999720082269e-07
461 2.7999999474559445e-07
462 2.80000017482962e-07
463 2.999999651365215e-07
464 2.7999999474559445e-07
465 2.600000016172999e-07
466 2.600000016172999e-07
467 2.600000016172999e-07
468 2.80000017482962e-07
469 2.7999999474559445e-07
470 2.799999720082269e-07
471 2.80000017482962e-07
472 3.000000106112566e-07
473 3.000000106112566e-07
474 2.600000016172999e-07
475 2.80000017482962e-07
476 2.999999651365215e-07
477 2.80000017482962e-07
478 3.000000106112566e-07
479 2.4000000848900526e-07
480 2.600000016172999e-07
481 3.000000106112566e-07
482 2.999999651365215e-07
483 2.599999788799323e-07
484 2.600000016172999e-07
485 2.7999999474559445e-07
486 2.7999999474559445e-07
487 3.000000106112566e-07
488 3.000000106112566e-07
489 2.7999999474559445e-07
490 2.3999998575163774e-07
491 2.599999788799323e-07
492 2.7999999474559445e-07
493 2.80000017482962e-07
494 3.000000106112566e-07
495 2.99999987873889e-07
496 2.799999720082269e-07
497 3.2000000373955115e-07
498 2.80000017482962e-07
499 2.600000016172999e-07
500 2.7999999474559445e-07
501 2.99999987873889e-07
502 3.000000106112566e-07
503 2.7999999474559445e-07
504 3.000000106112566e-07
505 2.600000243546674e-07
506 2.7999999474559445e-07
507 2.7999999474559445e-07
508 3.000000106112566e-07
509 2.7999999474559445e-07
510 2.999999651365215e-07
511 2.600000016172999e-07
512 2.80000017482962e-07
513 2.7999999474559445e-07
514 2.799999720082269e-07
515 2.3999998575163774e-07
516 2.80000017482962e-07
517 3.000000106112566e-07
518 2.600000016172999e-07
519 2.99999987873889e-07
520 2.7999999474559445e-07
521 2.80000017482962e-07
522 2.99999987873889e-07
523 2.7999999474559445e-07
524 2.600000016172999e-07
525 2.7999999474559445e-07
526 3.000000106112566e-07
527 2.600000016172999e-07
528 2.99999987873889e-07
529 2.80000017482962e-07
530 3.000000106112566e-07
531 2.599999788799323e-07
532 3.000000106112566e-07
533 2.99999987873889e-07
534 2.7999999474559445e-07
535 2.7999999474559445e-07
536 2.600000243546674e-07
537 2.99999987873889e-07
538 2.600000016172999e-07
539 3.000000106112566e-07
540 2.599999788799323e-07
541 2.600000016172999e-07
542 2.80000017482962e-07
543 2.80000017482962e-07
544 3.000000106112566e-07
545 2.599999788799323e-07
546 2.80000017482962e-07
547 2.1999996988597558e-07
548 2.99999987873889e-07
549 2.599999788799323e-07
550 3.000000106112566e-07
551 2.600000016172999e-07
552 3.000000106112566e-07
553 2.599999788799323e-07
554 2.7999999474559445e-07
555 3.000000106112566e-07
556 2.7999999474559445e-07
557 2.99999987873889e-07
558 2.7999999474559445e-07
559 2.599999788799323e-07
560 2.99999987873889e-07
561 2.600000016172999e-07
562 2.80000017482962e-07
563 3.000000106112566e-07
564 2.80000017482962e-07
565 3.000000106112566e-07
566 3.000000106112566e-07
567 2.80000017482962e-07
568 2.80000017482962e-07
569 2.399999630142702e-07
570 2.600000243546674e-07
571 2.7999999474559445e-07
572 2.600000016172999e-07
573 2.80000017482962e-07
574 2.600000243546674e-07
575 2.600000016172999e-07
576 2.1999999262334312e-07
577 2.599999788799323e-07
578 2.399999630142702e-07
579 2.7999999474559445e-07
580 3.000000106112566e-07
581 3.000000106112566e-07
582 3.000000106112566e-07
583 2.80000017482962e-07
584 3.000000106112566e-07
585 2.7999999474559445e-07
586 2.7999999474559445e-07
587 2.3999998575163774e-07
588 2.80000017482962e-07
589 2.399999402769026e-07
590 2.80000017482962e-07
591 2.7999994927085937e-07
592 2.4000000848900526e-07
593 2.799999720082269e-07
594 2.3999998575163774e-07
595 2.799999720082269e-07
596 3.000000106112566e-07
597 2.999999651365215e-07
598 2.7999999474559445e-07
599 2.5999995614256475e-07
600 2.999999651365215e-07
601 2.599999788799323e-07
602 2.7999999474559445e-07
603 2.600000016172999e-07
604 2.7999999474559445e-07
605 2.3999998575163774e-07
606 2.200000153607107e-07
607 2.4000000848900526e-07
608 2.7999999474559445e-07
609 3.399999968678458e-07
610 2.99999987873889e-07
611 2.7999999474559445e-07
612 2.7999999474559445e-07
613 2.600000243546674e-07
614 2.7999999474559445e-07
615 2.80000017482962e-07
616 2.600000016172999e-07
617 2.80000017482962e-07
618 2.80000017482962e-07
619 2.80000017482962e-07
620 2.99999987873889e-07
621 2.599999788799323e-07
622 2.80000017482962e-07
623 2.7999999474559445e-07
624 2.80000017482962e-07
625 2.799999720082269e-07
626 3.000000106112566e-07
627 2.99999987873889e-07
628 3.2000000373955115e-07
629 2.7999999474559445e-07
630 2.80000017482962e-07
631 2.599999788799323e-07
632 2.600000243546674e-07
633 2.7999999474559445e-07
634 2.4000000848900526e-07
635 2.3999998575163774e-07
636 2.600000016172999e-07
637 2.600000243546674e-07
638 3.000000106112566e-07
639 2.600000016172999e-07
640 2.999999651365215e-07
641 2.600000243546674e-07
642 2.600000016172999e-07
643 2.7999994927085937e-07
644 2.7999999474559445e-07
645 2.599999788799323e-07
646 2.799999720082269e-07
647 2.600000016172999e-07
648 3.000000106112566e-07
649 2.799999720082269e-07
650 2.80000017482962e-07
651 2.7999999474559445e-07
652 2.799999720082269e-07
653 2.7999999474559445e-07
654 2.99999987873889e-07
655 2.600000016172999e-07
656 2.80000017482962e-07
657 2.99999987873889e-07
658 2.799999720082269e-07
659 2.80000017482962e-07
660 2.999999651365215e-07
661 2.600000243546674e-07
662 2.799999720082269e-07
663 2.4000000848900526e-07
664 2.7999999474559445e-07
665 2.7999999474559445e-07
666 2.80000017482962e-07
667 2.1999999262334312e-07
668 2.799999720082269e-07
669 3.000000106112566e-07
670 2.7999999474559445e-07
671 2.7999999474559445e-07
672 2.80000017482962e-07
673 3.000000106112566e-07
674 2.5999995614256475e-07
675 2.7999999474559445e-07
676 2.600000243546674e-07
677 3.000000106112566e-07
678 2.799999720082269e-07
679 2.99999987873889e-07
680 2.80000017482962e-07
681 2.80000017482962e-07
682 2.80000017482962e-07
683 2.80000017482962e-07
684 2.80000017482962e-07
685 3.000000106112566e-07
686 3.000000106112566e-07
687 2.3999998575163774e-07
688 2.80000017482962e-07
689 2.99999987873889e-07
690 2.799999720082269e-07
691 2.99999987873889e-07
692 3.000000106112566e-07
693 2.799999720082269e-07
694 2.80000017482962e-07
695 2.600000243546674e-07
696 2.99999987873889e-07
697 2.600000016172999e-07
698 3.000000106112566e-07
699 3.000000106112566e-07
700 2.3999998575163774e-07
701 2.7999999474559445e-07
702 2.799999720082269e-07
703 3.000000106112566e-07
704 2.99999987873889e-07
705 2.600000016172999e-07
706 6.599999778700294e-07
707 3.000000106112566e-07
708 2.80000017482962e-07
709 3.000000106112566e-07
710 3.000000106112566e-07
711 2.99999987873889e-07
712 2.99999987873889e-07
713 2.99999987873889e-07
714 2.99999987873889e-07
715 2.600000016172999e-07
716 2.99999987873889e-07
717 2.80000017482962e-07
718 2.5999995614256475e-07
719 2.7999999474559445e-07
720 2.80000017482962e-07
721 3.000000106112566e-07
722 2.600000016172999e-07
723 2.4000000848900526e-07
724 2.600000243546674e-07
725 3.000000106112566e-07
726 2.600000016172999e-07
727 2.80000017482962e-07
728 3.000000106112566e-07
729 2.99999987873889e-07
730 2.600000016172999e-07
731 2.600000243546674e-07
732 2.4000000848900526e-07
733 2.399999630142702e-07
734 2.799999720082269e-07
735 2.999999651365215e-07
736 2.7999999474559445e-07
737 2.80000017482962e-07
738 2.599999788799323e-07
739 2.80000017482962e-07
740 3.000000106112566e-07
741 2.7999999474559445e-07
742 3.000000106112566e-07
743 2.80000017482962e-07
744 2.599999788799323e-07
745 2.99999987873889e-07
746 2.600000016172999e-07
747 3.2000000373955115e-07
748 2.80000017482962e-07
749 2.80000017482962e-07
750 2.999999651365215e-07
751 2.80000017482962e-07
752 2.599999788799323e-07
753 2.600000016172999e-07
754 3.000000106112566e-07
755 2.80000017482962e-07
756 2.399999630142702e-07
757 2.7999999474559445e-07
758 3.000000106112566e-07
759 2.80000017482962e-07
760 3.000000106112566e-07
761 3.000000106112566e-07
762 2.400000312263728e-07
763 2.600000016172999e-07
764 2.7999999474559445e-07
765 2.7999999474559445e-07
766 2.7999999474559445e-07
767 3.000000106112566e-07
768 3.000000106112566e-07
769 3.000000106112566e-07
770 2.7999999474559445e-07
771 2.99999987873889e-07
772 2.7999999474559445e-07
773 3.2000000373955115e-07
774 2.80000017482962e-07
775 2.7999999474559445e-07
776 2.80000017482962e-07
777 2.7999999474559445e-07
778 2.799999720082269e-07
779 2.7999999474559445e-07
780 2.799999720082269e-07
781 9.999999974752427e-07
782 3.000000106112566e-07
783 2.80000017482962e-07
784 2.600000016172999e-07
785 2.7999999474559445e-07
786 2.600000016172999e-07
787 3.000000106112566e-07
788 3.2000000373955115e-07
789 2.99999987873889e-07
790 2.799999720082269e-07
791 3.000000106112566e-07
792 3.000000106112566e-07
793 2.599999788799323e-07
794 2.80000017482962e-07
795 2.7999999474559445e-07
796 2.799999720082269e-07
797 3.000000106112566e-07
798 2.7999999474559445e-07
799 3.2000000373955115e-07
800 2.799999720082269e-07
801 2.3999998575163774e-07
802 2.7999999474559445e-07
803 2.600000243546674e-07
804 2.99999987873889e-07
805 2.4000000848900526e-07
806 2.799999720082269e-07
807 3.000000106112566e-07
808 2.7999999474559445e-07
809 2.99999987873889e-07
810 2.80000017482962e-07
811 3.000000106112566e-07
812 3.000000106112566e-07
813 2.80000017482962e-07
814 3.000000106112566e-07
815 3.000000106112566e-07
816 2.99999987873889e-07
817 2.7999999474559445e-07
818 2.599999788799323e-07
819 2.600000016172999e-07
820 2.99999987873889e-07
821 2.80000017482962e-07
822 2.599999788799323e-07
823 2.7999999474559445e-07
824 3.000000106112566e-07
825 2.600000016172999e-07
826 2.599999788799323e-07
827 3.000000106112566e-07
828 3.200000264769187e-07
829 2.600000016172999e-07
830 3.000000106112566e-07
831 2.600000016172999e-07
832 2.4000000848900526e-07
833 2.600000016172999e-07
834 2.7999999474559445e-07
835 2.7999999474559445e-07
836 2.80000017482962e-07
837 2.599999788799323e-07
838 2.7999999474559445e-07
839 2.80000017482962e-07
840 2.600000016172999e-07
841 2.99999987873889e-07
842 2.600000016172999e-07
843 2.799999720082269e-07
844 2.600000243546674e-07
845 2.600000016172999e-07
846 2.7999999474559445e-07
847 3.000000106112566e-07
848 2.799999720082269e-07
849 2.80000017482962e-07
850 2.80000017482962e-07
851 2.99999987873889e-07
852 2.80000017482962e-07
853 3.000000106112566e-07
854 2.799999720082269e-07
855 2.600000016172999e-07
856 2.99999987873889e-07
857 2.7999999474559445e-07
858 2.99999987873889e-07
859 2.599999788799323e-07
860 2.600000243546674e-07
861 3.000000106112566e-07
862 3.000000106112566e-07
863 2.600000016172999e-07
864 2.99999987873889e-07
865 2.7999999474559445e-07
866 3.1999998100218364e-07
867 2.99999987873889e-07
868 2.799999720082269e-07
869 3.000000106112566e-07
870 2.7999999474559445e-07
871 2.599999788799323e-07
872 2.80000017482962e-07
873 2.7999999474559445e-07
874 3.000000106112566e-07
875 2.599999788799323e-07
876 2.600000243546674e-07
877 3.000000106112566e-07
878 2.799999720082269e-07
879 3.000000106112566e-07
880 2.600000243546674e-07
881 2.99999987873889e-07
882 3.000000106112566e-07
883 2.80000017482962e-07
884 2.799999720082269e-07
885 2.599999788799323e-07
886 3.000000106112566e-07
887 2.99999987873889e-07
888 3.000000106112566e-07
889 2.7999999474559445e-07
890 2.99999987873889e-07
891 3.000000106112566e-07
892 2.600000016172999e-07
893 2.80000017482962e-07
894 3.200000264769187e-07
895 3.000000106112566e-07
896 2.99999987873889e-07
897 2.80000017482962e-07
898 2.80000017482962e-07
899 2.80000017482962e-07
900 2.99999987873889e-07
901 3.000000106112566e-07
902 2.600000016172999e-07
903 2.600000243546674e-07
904 2.99999987873889e-07
905 3.000000106112566e-07
906 2.7999999474559445e-07
907 2.80000017482962e-07
908 2.600000016172999e-07
909 2.600000016172999e-07
910 2.99999987873889e-07
911 2.4000000848900526e-07
912 2.80000017482962e-07
913 3.000000106112566e-07
914 3.2000000373955115e-07
915 3.1999998100218364e-07
916 3.1999998100218364e-07
917 2.99999987873889e-07
918 2.99999987873889e-07
919 2.3999998575163774e-07
920 2.80000017482962e-07
921 3.000000106112566e-07
922 2.7999994927085937e-07
923 2.799999720082269e-07
924 2.399999630142702e-07
925 2.600000016172999e-07
926 2.600000243546674e-07
927 2.7999999474559445e-07
928 3.000000106112566e-07
929 2.7999999474559445e-07
930 2.4000000848900526e-07
931 2.80000017482962e-07
932 3.000000106112566e-07
933 2.3999998575163774e-07
934 2.599999788799323e-07
935 2.7999999474559445e-07
936 3.000000106112566e-07
937 2.599999788799323e-07
938 3.1999998100218364e-07
939 2.7999999474559445e-07
940 3.000000106112566e-07
941 2.600000016172999e-07
942 2.400000312263728e-07
943 3.000000106112566e-07
944 3.000000106112566e-07
945 2.7999999474559445e-07
946 3.000000106112566e-07
947 2.99999987873889e-07
948 2.7999999474559445e-07
949 2.80000017482962e-07
950 2.4000000848900526e-07
951 2.80000017482962e-07
952 3.000000106112566e-07
953 2.9999994239915394e-07
954 2.80000017482962e-07
955 3.000000106112566e-07
956 3.2000000373955115e-07
957 3.000000106112566e-07
958 2.99999987873889e-07
959 2.799999720082269e-07
960 2.4000000848900526e-07
961 3.000000106112566e-07
962 2.4000000848900526e-07
963 2.799999720082269e-07
964 2.80000017482962e-07
965 2.99999987873889e-07
966 2.80000017482962e-07
967 3.000000106112566e-07
968 2.799999720082269e-07
969 2.600000243546674e-07
970 2.7999999474559445e-07
971 3.000000106112566e-07
972 3.000000106112566e-07
973 2.80000017482962e-07
974 2.7999999474559445e-07
975 3.000000106112566e-07
976 2.80000017482962e-07
977 2.80000017482962e-07
978 2.799999720082269e-07
979 3.000000106112566e-07
980 2.5999995614256475e-07
981 2.200000153607107e-07
982 3.000000106112566e-07
983 2.399999630142702e-07
984 2.80000017482962e-07
985 2.80000017482962e-07
986 2.999999651365215e-07
987 3.000000106112566e-07
988 2.7999999474559445e-07
989 2.799999720082269e-07
990 3.2000000373955115e-07
991 2.80000017482962e-07
992 3.000000106112566e-07
993 2.7999999474559445e-07
994 3.000000106112566e-07
995 2.80000017482962e-07
996 2.99999987873889e-07
997 2.99999987873889e-07
998 3.2000000373955115e-07
999 2.599999788799323e-07
1000 3.000000106112566e-07
1001 2.80000017482962e-07
1002 3.000000106112566e-07
1003 2.799999720082269e-07
1004 2.99999987873889e-07
1005 2.599999788799323e-07
1006 2.80000017482962e-07
1007 3.000000106112566e-07
1008 3.000000106112566e-07
1009 2.80000017482962e-07
1010 2.999999651365215e-07
1011 2.799999720082269e-07
1012 2.7999999474559445e-07
1013 2.600000243546674e-07
1014 3.000000106112566e-07
1015 2.7999999474559445e-07
1016 2.7999999474559445e-07
1017 3.2000000373955115e-07
1018 3.000000106112566e-07
1019 2.7999999474559445e-07
1020 2.9999994239915394e-07
1021 2.7999999474559445e-07
1022 2.4000000848900526e-07
1023 2.5999993340519724e-07
1024 2.7999999474559445e-07
1025 2.99999987873889e-07
1026 2.99999987873889e-07
1027 2.80000017482962e-07
1028 2.80000017482962e-07
1029 2.99999987873889e-07
1030 2.799999720082269e-07
1031 3.000000106112566e-07
1032 2.99999987873889e-07
1033 2.99999987873889e-07
1034 3.200000264769187e-07
1035 2.99999987873889e-07
1036 3.000000106112566e-07
1037 2.3999998575163774e-07
1038 2.599999788799323e-07
1039 2.799999720082269e-07
1040 2.99999987873889e-07
1041 2.99999987873889e-07
1042 2.80000017482962e-07
1043 2.599999788799323e-07
1044 3.000000106112566e-07
1045 2.600000016172999e-07
1046 2.80000017482962e-07
1047 3.000000106112566e-07
1048 2.80000017482962e-07
1049 2.3999998575163774e-07
1050 2.7999999474559445e-07
1051 2.99999987873889e-07
1052 2.80000017482962e-07
1053 2.99999987873889e-07
1054 2.80000017482962e-07
1055 3.000000106112566e-07
1056 2.7999999474559445e-07
1057 3.000000106112566e-07
1058 3.000000106112566e-07
1059 2.99999987873889e-07
1060 3.1999998100218364e-07
1061 3.000000106112566e-07
1062 3.000000106112566e-07
1063 2.600000243546674e-07
1064 2.799999720082269e-07
1065 3.000000106112566e-07
1066 2.99999987873889e-07
1067 2.99999987873889e-07
1068 2.99999987873889e-07
1069 2.400000312263728e-07
1070 3.000000106112566e-07
1071 2.99999987873889e-07
1072 2.80000017482962e-07
1073 3.2000000373955115e-07
1074 2.600000016172999e-07
1075 2.7999999474559445e-07
1076 2.600000016172999e-07
1077 2.80000017482962e-07
1078 2.599999788799323e-07
1079 2.7999999474559445e-07
1080 2.7999999474559445e-07
1081 2.99999987873889e-07
1082 3.2000000373955115e-07
1083 2.600000016172999e-07
1084 2.80000017482962e-07
1085 3.000000106112566e-07
1086 3.000000106112566e-07
1087 2.99999987873889e-07
1088 2.99999987873889e-07
1089 2.80000017482962e-07
1090 3.000000106112566e-07
1091 2.80000017482962e-07
1092 2.80000017482962e-07
1093 2.7999999474559445e-07
1094 3.000000106112566e-07
1095 2.7999999474559445e-07
1096 3.000000106112566e-07
1097 2.7999999474559445e-07
1098 2.600000016172999e-07
1099 2.7999999474559445e-07
1100 3.399999513931107e-07
1101 2.599999788799323e-07
1102 2.99999987873889e-07
1103 2.600000243546674e-07
1104 2.7999999474559445e-07
1105 3.000000106112566e-07
1106 2.600000243546674e-07
1107 2.799999720082269e-07
1108 2.7999999474559445e-07
1109 2.80000017482962e-07
1110 2.799999720082269e-07
1111 3.000000106112566e-07
1112 2.80000017482962e-07
1113 2.799999720082269e-07
1114 3.000000106112566e-07
1115 2.599999788799323e-07
1116 2.7999999474559445e-07
1117 2.600000016172999e-07
1118 2.1999999262334312e-07
1119 3.200000264769187e-07
1120 3.200000264769187e-07
1121 2.599999788799323e-07
1122 2.600000016172999e-07
1123 3.0000003334862415e-07
1124 3.000000106112566e-07
1125 6.400000074791023e-07
1126 2.7999999474559445e-07
1127 2.80000017482962e-07
1128 2.80000017482962e-07
1129 2.999999651365215e-07
1130 3.000000106112566e-07
1131 3.000000106112566e-07
1132 2.7999999474559445e-07
1133 3.000000106112566e-07
1134 3.1999998100218364e-07
1135 2.7999994927085937e-07
1136 2.99999987873889e-07
1137 2.7999999474559445e-07
1138 3.000000106112566e-07
1139 3.2000000373955115e-07
1140 3.000000106112566e-07
1141 3.000000106112566e-07
1142 3.000000106112566e-07
1143 2.999999651365215e-07
1144 2.799999720082269e-07
1145 3.000000106112566e-07
1146 3.2000000373955115e-07
1147 2.80000017482962e-07
1148 3.000000106112566e-07
1149 3.200000264769187e-07
1150 2.80000017482962e-07
1151 3.000000106112566e-07
1152 3.000000106112566e-07
1153 2.599999788799323e-07
1154 3.800000058618025e-07
1155 2.99999987873889e-07
1156 3.2000000373955115e-07
1157 2.3999998575163774e-07
1158 2.80000017482962e-07
1159 2.99999987873889e-07
1160 3.000000106112566e-07
1161 2.5999995614256475e-07
1162 2.7999999474559445e-07
1163 2.99999987873889e-07
1164 2.80000017482962e-07
1165 3.000000106112566e-07
1166 2.80000017482962e-07
1167 3.1999998100218364e-07
1168 2.99999987873889e-07
1169 2.99999987873889e-07
1170 4.2000003759312675e-07
1171 3.399999968678458e-07
1172 2.599999788799323e-07
1173 2.7999999474559445e-07
1174 3.000000106112566e-07
1175 2.99999987873889e-07
1176 2.7999999474559445e-07
1177 2.80000017482962e-07
1178 2.99999987873889e-07
1179 3.000000106112566e-07
1180 2.999999651365215e-07
1181 2.600000243546674e-07
1182 3.000000106112566e-07
1183 4.000000217274646e-07
1184 3.2000000373955115e-07
1185 3.000000106112566e-07
1186 2.7999999474559445e-07
1187 3.1999998100218364e-07
1188 2.7999999474559445e-07
1189 2.80000017482962e-07
1190 2.999999651365215e-07
1191 3.000000106112566e-07
1192 2.7999999474559445e-07
1193 3.2000000373955115e-07
1194 2.80000017482962e-07
1195 5.799999826194835e-07
1196 3.200000264769187e-07
1197 2.7999999474559445e-07
1198 3.1999998100218364e-07
1199 2.7999999474559445e-07
1200 2.80000017482962e-07
1201 2.99999987873889e-07
1202 2.7999999474559445e-07
1203 2.799999720082269e-07
1204 3.000000106112566e-07
1205 3.000000106112566e-07
1206 2.7999999474559445e-07
1207 5.399999963628943e-07
1208 3.2000000373955115e-07
1209 3.399999968678458e-07
1210 3.000000106112566e-07
1211 3.2000000373955115e-07
1212 3.1999998100218364e-07
1213 3.2000000373955115e-07
1214 2.799999720082269e-07
1215 3.2000000373955115e-07
1216 2.999999651365215e-07
1217 2.80000017482962e-07
1218 2.99999987873889e-07
1219 2.600000243546674e-07
1220 3.000000106112566e-07
1221 2.99999987873889e-07
1222 2.799999720082269e-07
1223 3.200000264769187e-07
1224 3.399999968678458e-07
1225 2.99999987873889e-07
1226 2.80000017482962e-07
1227 3.000000106112566e-07
1228 3.000000106112566e-07
1229 2.99999987873889e-07
1230 3.2000000373955115e-07
1231 3.000000106112566e-07
1232 3.000000106112566e-07
1233 3.2000000373955115e-07
1234 3.2000000373955115e-07
1235 2.600000016172999e-07
1236 3.000000106112566e-07
1237 3.000000106112566e-07
1238 2.7999999474559445e-07
1239 3.000000106112566e-07
1240 2.80000017482962e-07
1241 3.000000106112566e-07
1242 3.000000106112566e-07
1243 2.600000016172999e-07
1244 2.99999987873889e-07
1245 5.399999963628943e-07
1246 3.9999997625272954e-07
1247 3.2000000373955115e-07
1248 3.000000106112566e-07
1249 2.99999987873889e-07
1250 2.600000016172999e-07
1251 3.000000106112566e-07
1252 2.99999987873889e-07
1253 3.400000196052133e-07
1254 2.7999999474559445e-07
1255 3.000000106112566e-07
1256 3.000000106112566e-07
1257 3.000000106112566e-07
1258 2.99999987873889e-07
1259 3.399999741304782e-07
1260 3.000000106112566e-07
1261 2.999999651365215e-07
1262 2.99999987873889e-07
1263 2.99999987873889e-07
1264 2.7999999474559445e-07
1265 2.99999987873889e-07
1266 2.99999987873889e-07
1267 3.000000106112566e-07
1268 3.000000106112566e-07
1269 2.599999788799323e-07
1270 3.000000106112566e-07
1271 2.99999987873889e-07
1272 2.80000017482962e-07
1273 3.000000106112566e-07
1274 2.7999999474559445e-07
1275 2.599999788799323e-07
1276 2.99999987873889e-07
1277 2.7999999474559445e-07
1278 2.7999999474559445e-07
1279 2.80000017482962e-07
1280 2.600000016172999e-07
1281 2.600000243546674e-07
1282 3.000000106112566e-07
1283 3.000000106112566e-07
1284 3.000000106112566e-07
1285 3.1999998100218364e-07
1286 3.2000000373955115e-07
1287 3.399999968678458e-07
1288 2.799999720082269e-07
1289 3.000000106112566e-07
1290 2.80000017482962e-07
1291 3.000000106112566e-07
1292 2.80000017482962e-07
1293 2.80000017482962e-07
1294 3.399999968678458e-07
1295 2.99999987873889e-07
1296 2.600000016172999e-07
1297 3.000000106112566e-07
1298 3.000000106112566e-07
1299 2.80000017482962e-07
1300 3.200000264769187e-07
1301 3.000000106112566e-07
1302 3.000000106112566e-07
1303 2.99999987873889e-07
1304 3.000000106112566e-07
1305 2.7999999474559445e-07
1306 2.80000017482962e-07
1307 2.1999999262334312e-07
1308 3.000000106112566e-07
1309 2.799999720082269e-07
1310 3.000000106112566e-07
1311 2.600000016172999e-07
1312 3.1999998100218364e-07
1313 2.600000243546674e-07
1314 3.399999741304782e-07
1315 3.000000106112566e-07
1316 3.000000106112566e-07
1317 2.799999720082269e-07
1318 2.99999987873889e-07
1319 3.399999968678458e-07
1320 2.600000243546674e-07
1321 3.399999968678458e-07
1322 2.7999999474559445e-07
1323 3.000000106112566e-07
1324 2.7999999474559445e-07
1325 2.999999651365215e-07
1326 2.80000017482962e-07
1327 2.600000243546674e-07
1328 2.7999999474559445e-07
1329 3.000000106112566e-07
1330 2.99999987873889e-07
1331 3.0000003334862415e-07
1332 2.80000017482962e-07
1333 2.99999987873889e-07
1334 2.99999987873889e-07
1335 2.99999987873889e-07
1336 2.99999987873889e-07
1337 2.99999987873889e-07
1338 7.800000048518995e-07
1339 4.600000011123484e-07
1340 8.7999999323074e-07
1341 3.399999968678458e-07
1342 3.2000000373955115e-07
1343 3.2000000373955115e-07
1344 3.000000106112566e-07
1345 3.000000106112566e-07
1346 2.99999987873889e-07
1347 2.999999651365215e-07
1348 3.000000106112566e-07
1349 2.999999651365215e-07
1350 2.999999651365215e-07
1351 3.000000106112566e-07
1352 3.2000000373955115e-07
1353 3.200000264769187e-07
1354 3.000000106112566e-07
1355 3.2000000373955115e-07
1356 3.2000000373955115e-07
1357 2.99999987873889e-07
1358 2.7999999474559445e-07
1359 3.2000000373955115e-07
1360 3.2000000373955115e-07
1361 3.000000106112566e-07
1362 3.5999998999614035e-07
1363 3.2000000373955115e-07
1364 2.999999651365215e-07
1365 3.000000106112566e-07
1366 3.000000106112566e-07
1367 2.600000243546674e-07
1368 2.7999999474559445e-07
1369 2.7999999474559445e-07
1370 2.80000017482962e-07
1371 3.000000106112566e-07
1372 2.99999987873889e-07
1373 3.000000106112566e-07
1374 2.80000017482962e-07
1375 3.000000106112566e-07
1376 3.000000106112566e-07
1377 2.7999999474559445e-07
1378 2.7999999474559445e-07
1379 2.80000017482962e-07
1380 2.7999999474559445e-07
1381 3.000000106112566e-07
1382 2.99999987873889e-07
1383 2.599999788799323e-07
1384 2.7999999474559445e-07
1385 2.80000017482962e-07
1386 3.000000106112566e-07
1387 3.200000264769187e-07
1388 3.000000106112566e-07
1389 2.600000016172999e-07
1390 2.99999987873889e-07
1391 3.000000106112566e-07
1392 2.799999720082269e-07
1393 2.3999998575163774e-07
1394 3.000000106112566e-07
1395 3.0000003334862415e-07
1396 2.599999788799323e-07
1397 3.200000264769187e-07
1398 2.99999987873889e-07
1399 3.000000106112566e-07
1400 3.399999968678458e-07
1401 2.7999999474559445e-07
1402 3.000000106112566e-07
1403 3.000000106112566e-07
1404 5.799999826194835e-07
1405 3.2000000373955115e-07
1406 2.99999987873889e-07
1407 2.80000017482962e-07
1408 2.99999987873889e-07
1409 3.000000106112566e-07
1410 3.2000000373955115e-07
1411 2.7999999474559445e-07
1412 2.80000017482962e-07
1413 3.000000106112566e-07
1414 2.799999720082269e-07
1415 3.000000106112566e-07
1416 3.000000106112566e-07
1417 3.0000003334862415e-07
1418 2.7999999474559445e-07
1419 2.99999987873889e-07
1420 2.80000017482962e-07
1421 5.600000122285565e-07
1422 3.000000106112566e-07
1423 2.600000243546674e-07
1424 2.99999987873889e-07
1425 2.99999987873889e-07
1426 3.000000106112566e-07
1427 2.799999720082269e-07
1428 3.000000106112566e-07
1429 2.600000243546674e-07
1430 2.80000017482962e-07
1431 2.80000017482962e-07
1432 2.80000017482962e-07
1433 2.799999720082269e-07
1434 5.400000191002619e-07
1435 3.399999513931107e-07
1436 2.99999987873889e-07
1437 2.80000017482962e-07
1438 2.99999987873889e-07
1439 3.000000106112566e-07
1440 2.99999987873889e-07
1441 4.600000011123484e-07
1442 3.2000000373955115e-07
1443 3.000000106112566e-07
1444 3.000000106112566e-07
1445 2.80000017482962e-07
1446 2.99999987873889e-07
1447 3.000000106112566e-07
1448 3.000000106112566e-07
1449 2.7999999474559445e-07
1450 5.80000005356851e-07
1451 3.200000264769187e-07
1452 3.000000106112566e-07
1453 2.99999987873889e-07
1454 3.000000106112566e-07
1455 2.7999999474559445e-07
1456 2.7999999474559445e-07
1457 7.200000027296483e-07
1458 5.599999667538213e-07
1459 2.599999788799323e-07
1460 2.7999999474559445e-07
1461 3.000000106112566e-07
1462 5.799999826194835e-07
1463 3.000000106112566e-07
1464 2.599999788799323e-07
1465 3.2000000373955115e-07
1466 3.2000000373955115e-07
1467 2.9999994239915394e-07
1468 2.7999999474559445e-07
1469 2.99999987873889e-07
1470 3.000000106112566e-07
1471 3.2000000373955115e-07
1472 3.2000000373955115e-07
1473 3.000000106112566e-07
1474 3.199999582648161e-07
1475 3.000000106112566e-07
1476 3.800000058618025e-07
1477 3.2000000373955115e-07
1478 2.600000243546674e-07
1479 3.600000127335079e-07
1480 3.399999968678458e-07
1481 3.2000000373955115e-07
1482 4.5999997837498087e-07
1483 3.399999968678458e-07
1484 2.799999720082269e-07
1485 3.2000000373955115e-07
1486 3.000000106112566e-07
1487 2.999999651365215e-07
1488 3.1999998100218364e-07
1489 2.7999999474559445e-07
1490 3.399999968678458e-07
1491 3.000000106112566e-07
1492 2.99999987873889e-07
1493 2.99999987873889e-07
1494 3.2000000373955115e-07
1495 2.80000017482962e-07
1496 2.999999651365215e-07
1497 3.000000106112566e-07
1498 2.80000017482962e-07
1499 2.80000017482962e-07
1500 2.599999788799323e-07
1501 3.200000264769187e-07
1502 3.199999582648161e-07
1503 2.7999999474559445e-07
1504 2.799999720082269e-07
1505 3.000000106112566e-07
1506 3.000000106112566e-07
1507 3.000000106112566e-07
1508 3.200000264769187e-07
1509 2.7999999474559445e-07
1510 3.2000000373955115e-07
1511 2.99999987873889e-07
1512 3.000000106112566e-07
1513 3.000000106112566e-07
1514 2.7999999474559445e-07
1515 2.99999987873889e-07
1516 3.200000264769187e-07
1517 2.600000243546674e-07
1518 2.799999720082269e-07
1519 3.2000000373955115e-07
1520 3.000000106112566e-07
1521 2.7999994927085937e-07
1522 2.999999651365215e-07
1523 2.799999720082269e-07
1524 3.000000106112566e-07
1525 3.000000106112566e-07
1526 2.7999999474559445e-07
1527 3.000000106112566e-07
1528 3.2000000373955115e-07
1529 2.80000017482962e-07
1530 2.799999720082269e-07
1531 2.7999999474559445e-07
1532 2.80000017482962e-07
1533 2.799999720082269e-07
1534 2.7999999474559445e-07
1535 2.7999999474559445e-07
1536 3.199999582648161e-07
1537 2.99999987873889e-07
1538 2.80000017482962e-07
1539 3.399999968678458e-07
1540 2.99999987873889e-07
1541 3.000000106112566e-07
1542 2.600000016172999e-07
1543 2.99999987873889e-07
1544 3.0000003334862415e-07
1545 2.80000017482962e-07
1546 2.599999788799323e-07
1547 2.600000016172999e-07
1548 3.000000106112566e-07
1549 3.2000000373955115e-07
1550 3.000000106112566e-07
1551 2.599999788799323e-07
1552 3.000000106112566e-07
1553 3.000000106112566e-07
1554 2.7999999474559445e-07
1555 3.000000106112566e-07
1556 2.80000017482962e-07
1557 2.599999788799323e-07
1558 3.000000106112566e-07
1559 3.000000106112566e-07
1560 2.99999987873889e-07
1561 3.2000000373955115e-07
1562 2.99999987873889e-07
1563 3.000000106112566e-07
1564 3.000000106112566e-07
1565 2.799999720082269e-07
1566 2.7999999474559445e-07
1567 2.80000017482962e-07
1568 3.200000264769187e-07
1569 2.99999987873889e-07
1570 3.000000106112566e-07
1571 2.80000017482962e-07
1572 2.799999720082269e-07
1573 3.000000106112566e-07
1574 2.80000017482962e-07
1575 3.2000000373955115e-07
1576 3.2000000373955115e-07
1577 3.2000000373955115e-07
1578 3.000000106112566e-07
1579 3.200000264769187e-07
1580 3.1999998100218364e-07
1581 2.799999720082269e-07
1582 3.000000106112566e-07
1583 3.000000106112566e-07
1584 3.2000000373955115e-07
1585 3.000000106112566e-07
1586 3.1999998100218364e-07
1587 2.80000017482962e-07
1588 3.1999998100218364e-07
1589 2.600000243546674e-07
1590 2.80000017482962e-07
1591 3.4000004234258085e-07
1592 2.999999651365215e-07
1593 2.80000017482962e-07
1594 2.600000243546674e-07
1595 2.7999999474559445e-07
1596 3.000000106112566e-07
1597 3.000000106112566e-07
1598 2.7999999474559445e-07
1599 2.5999995614256475e-07
1600 2.600000016172999e-07
1601 2.99999987873889e-07
1602 2.4000000848900526e-07
1603 2.600000016172999e-07
1604 3.000000106112566e-07
1605 2.80000017482962e-07
1606 2.99999987873889e-07
1607 3.000000106112566e-07
1608 3.000000106112566e-07
1609 3.000000106112566e-07
1610 2.99999987873889e-07
1611 2.4000000848900526e-07
1612 2.80000017482962e-07
1613 2.7999999474559445e-07
1614 2.600000243546674e-07
1615 3.000000106112566e-07
1616 2.80000017482962e-07
1617 2.80000017482962e-07
1618 3.000000106112566e-07
1619 2.80000017482962e-07
1620 2.7999999474559445e-07
1621 3.000000106112566e-07
1622 3.000000106112566e-07
1623 3.000000106112566e-07
1624 2.799999720082269e-07
1625 2.600000243546674e-07
1626 2.5999995614256475e-07
1627 2.99999987873889e-07
1628 3.000000106112566e-07
1629 3.2000000373955115e-07
1630 3.2000000373955115e-07
1631 3.000000106112566e-07
1632 2.7999999474559445e-07
1633 3.000000106112566e-07
1634 3.200000264769187e-07
1635 2.799999720082269e-07
1636 2.7999999474559445e-07
1637 3.000000106112566e-07
1638 2.3999998575163774e-07
1639 2.9999994239915394e-07
1640 2.99999987873889e-07
1641 2.7999999474559445e-07
1642 2.7999999474559445e-07
1643 2.600000016172999e-07
1644 3.000000106112566e-07
1645 2.600000016172999e-07
1646 2.99999987873889e-07
1647 3.000000106112566e-07
1648 3.000000106112566e-07
1649 2.7999999474559445e-07
1650 3.000000106112566e-07
1651 2.5999995614256475e-07
1652 2.80000017482962e-07
1653 3.000000106112566e-07
1654 2.80000017482962e-07
1655 2.99999987873889e-07
1656 2.99999987873889e-07
1657 2.80000017482962e-07
1658 3.000000106112566e-07
1659 3.000000106112566e-07
1660 2.7999999474559445e-07
1661 2.9999994239915394e-07
1662 2.99999987873889e-07
1663 2.599999788799323e-07
1664 3.2000000373955115e-07
1665 2.99999987873889e-07
1666 3.000000106112566e-07
1667 2.600000016172999e-07
1668 2.99999987873889e-07
1669 2.80000017482962e-07
1670 2.7999999474559445e-07
1671 3.000000106112566e-07
1672 3.000000106112566e-07
1673 3.000000106112566e-07
1674 2.799999720082269e-07
1675 2.80000017482962e-07
1676 2.7999999474559445e-07
1677 3.000000106112566e-07
1678 2.999999651365215e-07
1679 2.599999788799323e-07
1680 2.599999788799323e-07
1681 2.80000017482962e-07
1682 2.80000017482962e-07
1683 2.7999999474559445e-07
1684 2.7999999474559445e-07
1685 3.000000106112566e-07
1686 2.80000017482962e-07
1687 2.7999999474559445e-07
1688 2.99999987873889e-07
1689 2.80000017482962e-07
1690 2.7999999474559445e-07
1691 2.99999987873889e-07
1692 2.799999720082269e-07
1693 2.80000017482962e-07
1694 2.80000017482962e-07
1695 3.000000106112566e-07
1696 2.7999999474559445e-07
1697 3.000000106112566e-07
1698 2.600000243546674e-07
1699 2.99999987873889e-07
1700 3.000000106112566e-07
1701 3.000000106112566e-07
1702 2.99999987873889e-07
1703 2.7999999474559445e-07
1704 3.000000106112566e-07
1705 3.000000106112566e-07
1706 3.000000106112566e-07
1707 2.7999999474559445e-07
1708 2.80000017482962e-07
1709 2.600000016172999e-07
1710 3.2000000373955115e-07
1711 2.7999999474559445e-07
1712 2.80000017482962e-07
1713 3.000000106112566e-07
1714 2.7999999474559445e-07
1715 3.000000106112566e-07
1716 2.9999994239915394e-07
1717 2.7999999474559445e-07
1718 2.7999999474559445e-07
1719 2.7999999474559445e-07
1720 2.99999987873889e-07
1721 2.99999987873889e-07
1722 2.99999987873889e-07
1723 3.000000106112566e-07
1724 2.600000243546674e-07
1725 3.000000106112566e-07
1726 2.600000243546674e-07
1727 3.000000106112566e-07
1728 3.399999968678458e-07
1729 3.1999998100218364e-07
1730 2.999999651365215e-07
1731 2.799999720082269e-07
1732 2.99999987873889e-07
1733 2.99999987873889e-07
1734 2.600000243546674e-07
1735 3.2000000373955115e-07
1736 2.99999987873889e-07
1737 3.2000000373955115e-07
1738 2.799999720082269e-07
1739 3.0000003334862415e-07
1740 3.000000106112566e-07
1741 2.99999987873889e-07
1742 2.600000243546674e-07
1743 3.000000106112566e-07
1744 3.000000106112566e-07
1745 3.1999998100218364e-07
1746 2.80000017482962e-07
1747 3.000000106112566e-07
1748 2.7999994927085937e-07
1749 3.000000106112566e-07
1750 2.999999651365215e-07
1751 3.000000106112566e-07
1752 2.7999999474559445e-07
1753 3.000000106112566e-07
1754 3.000000106112566e-07
1755 2.80000017482962e-07
1756 3.000000106112566e-07
1757 3.000000106112566e-07
1758 3.000000106112566e-07
1759 3.000000106112566e-07
1760 2.80000017482962e-07
1761 2.99999987873889e-07
1762 3.000000106112566e-07
1763 2.600000016172999e-07
1764 2.80000017482962e-07
1765 3.000000106112566e-07
1766 2.999999651365215e-07
1767 3.000000106112566e-07
1768 2.80000017482962e-07
1769 3.2000000373955115e-07
1770 3.000000106112566e-07
1771 7.000000096013537e-07
1772 2.80000017482962e-07
1773 3.2000000373955115e-07
1774 3.000000106112566e-07
1775 2.999999651365215e-07
1776 2.99999987873889e-07
1777 2.80000017482962e-07
1778 2.999999651365215e-07
1779 2.80000017482962e-07
1780 3.000000106112566e-07
1781 3.0000003334862415e-07
1782 2.799999720082269e-07
1783 2.599999788799323e-07
1784 3.000000106112566e-07
1785 2.600000016172999e-07
1786 3.000000106112566e-07
1787 3.000000106112566e-07
1788 3.399999968678458e-07
1789 3.000000106112566e-07
1790 2.7999999474559445e-07
1791 2.799999720082269e-07
1792 2.80000017482962e-07
1793 3.1999998100218364e-07
1794 2.799999720082269e-07
1795 3.2000000373955115e-07
1796 2.80000017482962e-07
1797 3.000000106112566e-07
1798 2.80000017482962e-07
1799 3.000000106112566e-07
1800 2.799999720082269e-07
1801 3.200000264769187e-07
1802 2.7999994927085937e-07
1803 2.80000017482962e-07
1804 3.000000106112566e-07
1805 3.000000106112566e-07
1806 2.99999987873889e-07
1807 3.000000106112566e-07
1808 3.000000106112566e-07
1809 2.99999987873889e-07
1810 2.7999999474559445e-07
1811 2.599999788799323e-07
1812 2.999999651365215e-07
1813 2.7999999474559445e-07
1814 2.7999999474559445e-07
1815 3.000000106112566e-07
1816 2.7999999474559445e-07
1817 2.80000017482962e-07
1818 2.99999987873889e-07
1819 2.7999999474559445e-07
1820 2.99999987873889e-07
1821 2.80000017482962e-07
1822 2.99999987873889e-07
1823 2.80000017482962e-07
1824 2.80000017482962e-07
1825 3.000000106112566e-07
1826 3.000000106112566e-07
1827 3.000000106112566e-07
1828 3.000000106112566e-07
1829 3.000000106112566e-07
1830 2.80000017482962e-07
1831 3.000000106112566e-07
1832 2.99999987873889e-07
1833 2.999999651365215e-07
1834 3.000000106112566e-07
1835 2.80000017482962e-07
1836 3.2000000373955115e-07
1837 2.999999651365215e-07
1838 2.7999999474559445e-07
1839 2.799999720082269e-07
1840 2.99999987873889e-07
1841 3.200000264769187e-07
1842 2.799999720082269e-07
1843 3.000000106112566e-07
1844 3.000000106112566e-07
1845 2.599999788799323e-07
1846 2.7999999474559445e-07
1847 2.3999998575163774e-07
1848 2.7999999474559445e-07
1849 2.7999999474559445e-07
1850 3.000000106112566e-07
1851 3.000000106112566e-07
1852 3.000000106112566e-07
1853 3.000000106112566e-07
1854 2.99999987873889e-07
1855 3.000000106112566e-07
1856 2.80000017482962e-07
1857 3.000000106112566e-07
1858 2.7999999474559445e-07
1859 2.7999999474559445e-07
1860 2.99999987873889e-07
1861 3.000000106112566e-07
1862 2.80000017482962e-07
1863 3.000000106112566e-07
1864 3.000000106112566e-07
1865 3.200000264769187e-07
1866 2.80000017482962e-07
1867 2.80000017482962e-07
1868 3.000000106112566e-07
1869 3.000000106112566e-07
1870 2.80000017482962e-07
1871 2.99999987873889e-07
1872 2.80000017482962e-07
1873 2.99999987873889e-07
1874 3.000000106112566e-07
1875 2.600000016172999e-07
1876 2.99999987873889e-07
1877 2.799999720082269e-07
1878 2.99999987873889e-07
1879 2.99999987873889e-07
1880 2.80000017482962e-07
1881 2.99999987873889e-07
1882 3.000000106112566e-07
1883 2.99999987873889e-07
1884 3.000000106112566e-07
1885 2.80000017482962e-07
1886 3.000000106112566e-07
1887 2.3999998575163774e-07
1888 2.80000017482962e-07
1889 3.000000106112566e-07
1890 2.99999987873889e-07
1891 2.7999999474559445e-07
1892 2.7999999474559445e-07
1893 3.000000106112566e-07
1894 2.99999987873889e-07
1895 2.399999402769026e-07
1896 2.7999999474559445e-07
1897 3.000000106112566e-07
1898 3.000000106112566e-07
1899 3.000000106112566e-07
1900 2.99999987873889e-07
1901 3.000000106112566e-07
1902 2.99999987873889e-07
1903 3.000000106112566e-07
1904 3.000000106112566e-07
1905 2.80000017482962e-07
1906 3.000000106112566e-07
1907 2.799999720082269e-07
1908 3.000000106112566e-07
1909 3.000000106112566e-07
1910 3.1999998100218364e-07
1911 2.99999987873889e-07
1912 3.000000106112566e-07
1913 2.7999999474559445e-07
1914 3.000000106112566e-07
1915 3.000000106112566e-07
1916 2.599999788799323e-07
1917 3.1999998100218364e-07
1918 2.7999999474559445e-07
1919 2.99999987873889e-07
1920 3.1999998100218364e-07
1921 3.1999998100218364e-07
1922 2.5999995614256475e-07
1923 2.99999987873889e-07
1924 3.399999741304782e-07
1925 3.000000106112566e-07
1926 2.7999999474559445e-07
1927 3.1999998100218364e-07
1928 3.000000106112566e-07
1929 3.000000106112566e-07
1930 2.599999788799323e-07
1931 3.000000106112566e-07
1932 2.999999651365215e-07
1933 3.000000106112566e-07
1934 3.2000000373955115e-07
1935 3.000000106112566e-07
1936 2.80000017482962e-07
1937 2.99999987873889e-07
1938 2.799999720082269e-07
1939 3.2000000373955115e-07
1940 3.399999968678458e-07
1941 3.200000264769187e-07
1942 3.000000106112566e-07
1943 2.80000017482962e-07
1944 3.000000106112566e-07
1945 2.7999999474559445e-07
1946 2.7999999474559445e-07
1947 2.99999987873889e-07
1948 2.7999999474559445e-07
1949 3.000000106112566e-07
1950 3.000000106112566e-07
1951 2.7999999474559445e-07
1952 2.99999987873889e-07
1953 2.999999651365215e-07
1954 3.000000106112566e-07
1955 2.7999999474559445e-07
1956 3.1999998100218364e-07
1957 3.000000106112566e-07
1958 3.000000106112566e-07
1959 3.000000106112566e-07
1960 2.99999987873889e-07
1961 2.7999999474559445e-07
1962 3.000000106112566e-07
1963 3.000000106112566e-07
1964 3.000000106112566e-07
1965 2.99999987873889e-07
1966 2.99999987873889e-07
1967 2.7999999474559445e-07
1968 3.000000106112566e-07
1969 2.80000017482962e-07
1970 2.80000017482962e-07
1971 2.600000243546674e-07
1972 2.80000017482962e-07
1973 3.000000106112566e-07
1974 2.7999999474559445e-07
1975 2.7999999474559445e-07
1976 2.80000017482962e-07
1977 2.7999999474559445e-07
1978 2.80000017482962e-07
1979 2.99999987873889e-07
1980 2.99999987873889e-07
1981 3.199999582648161e-07
1982 2.7999994927085937e-07
1983 2.99999987873889e-07
1984 2.80000017482962e-07
1985 2.99999987873889e-07
1986 2.7999999474559445e-07
1987 2.7999999474559445e-07
1988 3.000000106112566e-07
1989 3.000000106112566e-07
1990 2.7999999474559445e-07
1991 2.80000017482962e-07
1992 3.000000106112566e-07
1993 3.2000000373955115e-07
1994 2.7999999474559445e-07
1995 2.99999987873889e-07
1996 3.600000127335079e-07
1997 3.2000000373955115e-07
1998 3.000000106112566e-07
1999 2.7999999474559445e-07
2000 3.000000106112566e-07
