1 2.900000026784255e-06
2 1.6199999663513154e-06
3 1.8400000044493935e-06
4 2.2400000034394905e-06
5 2.5800000457820714e-06
6 2.900000026784255e-06
7 3.1199999739328632e-06
8 3.620000052251271e-06
9 4.020000005766633e-06
10 4.439999975147657e-06
11 4.499999977269908e-06
12 5.000000010113581e-06
13 5.479999936142122e-06
14 5.55999999960477e-06
15 5.999999939376721e-06
16 6.2600000092061235e-06
17 6.579999944733572e-06
18 6.94000004841655e-06
19 7.620000042152242e-06
20 8.440000055998097e-06
21 7.939999977679691e-06
22 8.219999972425285e-06
23 8.599999955549719e-06
24 8.960000013757962e-06
25 9.700000100565376e-06
26 9.620000082577462e-06
27 1.0320000001229346e-05
28 1.0560000055193086e-05
29 1.0780000002341694e-05
30 1.0819999988598284e-05
31 1.1619999941103743e-05
32 1.1759999915739172e-05
33 1.1760000052163378e-05
34 1.2520000018412247e-05
35 1.3279999939186382e-05
36 1.3299999955052044e-05
37 1.3580000040747108e-05
38 1.3659999922310817e-05
39 1.3839999974152306e-05
40 1.42600000344828e-05
41 1.4660000033472897e-05
42 1.5040000016597333e-05
43 1.5260000009220675e-05
44 1.5460000031453092e-05
45 1.5900000016699777e-05
46 1.6780000032667884e-05
47 1.8500000032872775e-05
48 1.7380000008415665e-05
49 1.768000001902692e-05
50 1.785999988896947e-05
51 1.8359999967287876e-05
52 1.8600000066726353e-05
53 1.8920000047728536e-05
54 1.9180000072083204e-05
55 1.965999995263701e-05
56 2.051999999821419e-05
57 2.04800000119576e-05
58 2.0240000003468596e-05
59 2.081999996335071e-05
60 2.081999996335071e-05
61 2.117999997608422e-05
62 2.2059999901102854e-05
63 2.1919999971942163e-05
64 2.3460000011255034e-05
65 2.291999999215477e-05
66 2.3679999958403642e-05
67 2.3400000054607516e-05
68 2.3840000039854203e-05
69 2.4520000033589894e-05
70 2.5019999975484096e-05
71 2.5660000028437933e-05
72 2.5340000001961015e-05
73 2.8639999982260633e-05
74 2.5819999927989555e-05
75 2.680000006876071e-05
76 2.636000003803929e-05
77 2.6719999959823325e-05
78 2.7559999989534844e-05
79 2.73399999969115e-05
80 2.756000003500958e-05
81 2.7759999966292526e-05
82 2.8280000060476594e-05
83 2.8379999957905965e-05
84 2.907999996750732e-05
85 2.9779999977108673e-05
86 2.9860000040571322e-05
87 2.9959999938000693e-05
88 3.0120000019451254e-05
89 3.0160000005707843e-05
90 3.154000009999436e-05
91 3.1639999951948995e-05
92 3.186000003552181e-05
93 3.25199999679171e-05
94 3.2280000050377565e-05
95 3.302000000076078e-05
96 3.416000008655828e-05
97 3.458000005593931e-05
98 3.436000001784123e-05
99 3.501999995023652e-05
100 3.427999999985332e-05
101 3.6079999972571386e-05
102 3.5380000008444766e-05
103 3.518000003168709e-05
104 3.622000003815629e-05
105 3.6619999991671645e-05
106 3.9719999995213585e-05
107 3.680000004351314e-05
108 3.737999995792052e-05
109 3.7899999961155116e-05
110 3.8099999983387534e-05
111 3.933999996661441e-05
112 3.825999997388863e-05
113 3.9359999982480075e-05
114 3.9700000024822656e-05
115 4.023999999844818e-05
116 4.525999997895269e-05
117 4.06800000291696e-05
118 4.151999996793165e-05
119 4.146000001128414e-05
120 4.1879999980665164e-05
121 4.1879999980665164e-05
122 4.260000000613218e-05
123 4.260000000613218e-05
124 4.361999999673572e-05
125 4.364000001260138e-05
126 4.432000000633707e-05
127 4.4500000012703825e-05
128 4.4360000083543126e-05
129 4.4279999974605745e-05
130 4.5260000024427424e-05
131 4.610000000866421e-05
132 4.714000006060815e-05
133 4.707999992206169e-05
134 4.714000001513341e-05
135 4.77000000046246e-05
136 4.7560000029989166e-05
137 4.7900000026857015e-05
138 4.8500000002604796e-05
139 4.9480000052426475e-05
140 4.8820000029081714e-05
141 4.9500000022817404e-05
142 4.910000002382731e-05
143 5.02799999594572e-05
144 5.028000005040667e-05
145 5.056000004515227e-05
146 5.0880000071629186e-05
147 5.129999999553547e-05
148 5.175999990569835e-05
149 5.2000000005136825e-05
150 5.687999992005643e-05
151 5.7500000002619346e-05
152 5.377999996198923e-05
153 5.470000000968866e-05
154 5.461999999170075e-05
155 5.4840000075273565e-05
156 5.461999999170075e-05
157 5.661999998665124e-05
158 5.556000000979111e-05
159 5.550000000766886e-05
160 5.643999998028448e-05
161 5.584000005001144e-05
162 5.6339999991905644e-05
163 5.7280000009996e-05
164 5.811999990328332e-05
165 5.786000001535285e-05
166 5.813999996462371e-05
167 5.882000000383414e-05
168 5.80800000079762e-05
169 5.88600000810402e-05
170 6.022000006851158e-05
171 6.0419999999794524e-05
172 5.990000004203466e-05
173 6.136000001788489e-05
174 6.125999998403131e-05
175 6.216000001586508e-05
176 6.256000001485518e-05
177 6.154000002425163e-05
178 6.223999998837826e-05
179 6.816000000071653e-05
180 6.291999993663921e-05
181 6.383999998433864e-05
182 6.408000003830239e-05
183 6.398000000444881e-05
184 6.433999992623285e-05
185 6.515999998555345e-05
186 6.551999995281221e-05
187 6.53000000056636e-05
188 6.624000002375396e-05
189 6.557999995493446e-05
190 6.641999993917125e-05
191 6.668000000900065e-05
192 6.728000003022316e-05
193 6.751999999323743e-05
194 6.731999997100502e-05
195 6.785999994463054e-05
196 6.93199999659555e-05
197 6.935999999768683e-05
198 6.91000000188069e-05
199 6.92200000230514e-05
200 7.087999993018456e-05
201 7.076000001688953e-05
202 7.006000009823765e-05
203 7.105999998202606e-05
204 7.19599999683851e-05
205 7.196000005933456e-05
206 7.573999996566272e-05
207 7.279999999809661e-05
208 7.27199999801087e-05
209 7.422000003316498e-05
210 7.369999998445565e-05
211 7.396000000881031e-05
212 7.344000000557571e-05
213 7.428000003528723e-05
214 7.563999997728388e-05
215 7.489999998142594e-05
216 7.691999999224209e-05
217 7.654000000911765e-05
218 7.657999999537424e-05
219 7.777999994686979e-05
220 7.795999999871128e-05
221 7.82599999638478e-05
222 7.795999995323655e-05
223 7.844000001568929e-05
224 8.25799999802257e-05
225 7.88000000284228e-05
226 8.04000000243832e-05
227 8.020000000215077e-05
228 8.118000009744719e-05
229 8.080000002337328e-05
230 8.164000000761007e-05
231 8.235999998760236e-05
232 8.198000004995265e-05
233 8.287999994536222e-05
234 8.212000002458809e-05
235 8.315999998558255e-05
236 8.250000005318724e-05
237 8.437999995294376e-05
238 8.311999990837649e-05
239 8.4500000002663e-05
240 8.450000004813773e-05
241 8.510000002388551e-05
242 8.515999998053303e-05
243 8.456000000478525e-05
244 8.773999993536564e-05
245 8.63400000071124e-05
246 8.669999997437116e-05
247 8.703999997123901e-05
248 8.82399999682093e-05
249 8.704000006218849e-05
250 8.756000001994835e-05
251 8.781999999882829e-05
252 8.858000001055188e-05
253 8.821999999781837e-05
254 8.856000004016096e-05
255 9.098000000449247e-05
256 8.985999998003535e-05
257 9.088000001611363e-05
258 9.494000000813685e-05
259 9.65200000337063e-05
260 9.547999998176238e-05
261 9.735999997246836e-05
262 9.641999999985274e-05
263 0.00010228000005554349
264 9.665999996286701e-05
265 9.688000004643982e-05
266 9.856000006038811e-05
267 9.949999998752901e-05
268 9.914000011121971e-05
269 9.942000006049056e-05
270 0.00010115999994013692
271 0.00010173999994549377
272 0.00010076000003209629
273 0.00010172000002057757
274 0.00010422000000289699
275 0.00010158000004594215
276 0.00010379999998804124
277 0.00010287999994034181
278 0.0001040400000874797
279 0.00010409999995317776
280 0.00010462000000188709
281 0.00010613999997985957
282 0.00010401999988971511
283 0.00010641999997460517
284 0.00010528000002523186
285 0.00010691999991649937
286 0.00010649999999259307
287 0.000107060000027559
288 0.00010778000005302601
289 0.0001078200000392826
290 0.00010756000006040267
291 0.00010830000001078588
292 0.00010959999995066027
293 0.00010865999997804466
294 0.00011456000006546674
295 0.00011065999997299514
296 0.00010942000003524299
297 0.00011133999996673082
298 0.00011120000003757013
299 0.00011176000002706132
300 0.00011531999998624088
301 0.00011201999996046652
302 0.00011332000003676513
303 0.00011255999997956678
304 0.00011423999999351508
305 0.00011350000004313187
306 0.00011359999994056124
307 0.00011415999997552718
308 0.00011407999995753926
309 0.00011538000003383786
310 0.00011597999991863617
311 0.0001149800000803225
312 0.00011647999999695458
313 0.00011730000005627517
314 0.00011761999994632787
315 0.00011762000008275209
316 0.00011779999999816937
317 0.00011815999996542815
318 0.0001190999999835185
319 0.00011983999997937645
320 0.00011968000007982482
321 0.00012051999997311213
322 0.00012010000000373111
323 0.00012195999997857143
324 0.00012030000007143827
325 0.0001238400000602269
326 0.0001240000000962027
327 0.00012272000003576977
328 0.00012384000001475215
329 0.0001224000000547676
330 0.00012377999996715516
331 0.00012572000000545813
332 0.0001251800000318326
333 0.00012529999999060236
334 0.00012665999997807376
335 0.0001276799999686773
336 0.000126479999971707
337 0.00012644000003092515
338 0.0001277200000004086
339 0.00012899999996989208
340 0.00012869999995928082
341 0.00012754000008499133
342 0.00012770000007549241
343 0.0001284799999666575
344 0.00012918000002173357
345 0.0001306600000589242
346 0.00013007999996261788
347 0.00013186000001041975
348 0.00013048000005255744
349 0.00013159999998606508
350 0.00013173999991522578
351 0.00013162000000193074
352 0.00013203999997131178
353 0.00013304000003699912
354 0.0001329200000327546
355 0.00013364000001274688
356 0.00013299999995979305
357 0.000134459999981118
358 0.0001350400000319496
359 0.0001356199999918317
360 0.0001356999999643449
361 0.00013549999998758723
362 0.0001355399999738438
363 0.00013699999999516876
364 0.00013680000006388582
365 0.00013790000002700253
366 0.00013846000001649372
367 0.00013851999997314124
368 0.00013969999990877114
369 0.00013864000006833522
370 0.00013919999996687694
371 0.000139000000035594
372 0.00013986000003569644
373 0.00014047999998183512
374 0.00014115999997557082
375 0.0001410200000009354
376 0.0001410200000009354
377 0.00014228000000002795
378 0.00014204000003701367
379 0.0001434799999515235
380 0.0001433400000223628
381 0.00014425999997911277
382 0.00014435999996749161
383 0.0001442399999632471
384 0.00014408000001822074
385 0.00014578000000255997
386 0.00014581999998881657
387 0.00014635999991696735
388 0.00014609999993808742
389 0.00014918000001671317
390 0.00014697999999953028
391 0.0001461599999856844
392 0.00014781999998376706
393 0.00014788000007683876
394 0.00014782000002924178
395 0.00014876000004733215
396 0.00014839999994364916
397 0.00015066000000842905
398 0.00015015999997558538
399 0.0001583199999458884
400 0.00015161999999691034
401 0.0001512599999387021
402 0.0001515999998900952
403 0.0001522400000339985
404 0.00015293999999812513
405 0.00015235999994729356
406 0.00015291999993678474
407 0.00015415999996548635
408 0.00015591999999742256
409 0.00015524000004916161
410 0.0001539799999591196
411 0.00015516000003117368
412 0.00015469999998458662
413 0.00015443999996023194
414 0.00015633999992132886
415 0.00015662000000702392
416 0.0001579400000082387
417 0.0001587199999448785
418 0.0001564400000461319
419 0.00015894000007392605
420 0.0001580800000738236
421 0.0001582999999754975
422 0.00015960000000632136
423 0.00015921999993224746
424 0.00015972000001056584
425 0.0001600399999460933
426 0.0001630800000839372
427 0.00016080000000329164
428 0.00016160000000127185
429 0.00016270000000986328
430 0.00016215999989981355
431 0.0001629400000183523
432 0.0001628200000141078
433 0.00016297999995913416
434 0.00016357999998035667
435 0.00016492000004291184
436 0.00016521999991709891
437 0.00016525999994883024
438 0.0001658399999996618
439 0.00016618000008747913
440 0.00016745999996601313
441 0.00016679999994266835
442 0.00016823999994812765
443 0.00016977999998744054
444 0.0001676800000041112
445 0.00016851999994287324
446 0.00016777999999249005
447 0.00016904000008253207
448 0.0001694199999292323
449 0.00017073999997592183
450 0.00017045999998117624
451 0.00017074000002139655
452 0.00017142000001513225
453 0.00017299999999522697
454 0.000172860000111541
455 0.00017234000006283168
456 0.0001732800000354473
457 0.00017338000002382615
458 0.00017360000006192423
459 0.00017538000006425136
460 0.00017570000009072828
461 0.00017511999994894721
462 0.00017471999999543186
463 0.00017520000001240986
464 0.00017561999993631616
465 0.00017698000006021174
466 0.00017616000000089115
467 0.00017735999999786146
468 0.00017708000000311587
469 0.0001783400000022084
470 0.000177899999971487
471 0.00017911999998432293
472 0.0001796600000034232
473 0.0001793800000086776
474 0.00017996000005950918
475 0.00018089999998665006
476 0.00018285999999534397
477 0.00018157999998038576
478 0.0001811000000088825
479 0.00018064000005324488
480 0.00018219999992652447
481 0.00018345999997109174
482 0.00018241999996462254
483 0.0001827599999614904
484 0.00018400000008114147
485 0.00018353999998907967
486 0.00018436000004840025
487 0.00018537999999352907
488 0.00018626000010044664
489 0.00018617999999150924
490 0.00018684000006032874
491 0.0001875799999197625
492 0.00018872000000556
493 0.000188179999940985
494 0.0001870399999916117
495 0.0001888400000098045
496 0.000188899999966452
497 0.00018894000004365807
498 0.00018941999996968661
499 0.00018981999996867672
500 0.00019032000000152038
501 0.00018967999994856655
502 0.0001907200000005105
503 0.00019246000001658104
504 0.00019281999998383982
505 0.00019096000005447422
506 0.0001920199999858596
507 0.00019531999996615922
508 0.00019319999996696423
509 0.00019270000002507003
510 0.0001937599999109807
511 0.00019411999996918894
512 0.00019406000001254142
513 0.0001943799999935436
514 0.0001943799999935436
515 0.00019522000002325512
516 0.00019671999998536194
517 0.0002095799999551673
518 0.00022118000006230432
519 0.00020036000000800414
520 0.000199060000022655
521 0.00020651999998335668
522 0.0002003199999762728
523 0.00019923999989259755
524 0.0002009599999837519
525 0.00020552000005409355
526 0.00020012000004498987
527 0.00020026000006510004
528 0.00020156000000497442
529 0.00020317999997132574
530 0.00020213999996485655
531 0.00020285999999032357
532 0.00020771999993485224
533 0.00020215999993524746
534 0.0002054200000657147
535 0.00020847999999205059
536 0.00020709999998871353
537 0.0002068400000098336
538 0.00020711999995910447
539 0.0002053000000614702
540 0.0002069400000891619
541 0.00020608000004358474
542 0.00020775999996658356
543 0.00020810000000892614
544 0.00020914000001539534
545 0.0002084000000195374
546 0.00020825999999942723
547 0.000256039999976565
548 0.0002103399999668909
549 0.00021309999997356499
550 0.00021636000001308276
551 0.0002116000000569329
552 0.00021039999996901314
553 0.00021115999998073677
554 0.0002122599999893282
555 0.0002107000000705739
556 0.00021118000004207715
557 0.00021322000002328424
558 0.00021317999999155292
559 0.00021419999998215645
560 0.0002134000000751257
561 0.00021400000000539876
562 0.00021579999997811683
563 0.00021885999999540217
564 0.00021582000008493196
565 0.00022194000011950267
566 0.00021780000006401678
567 0.00021824000000378874
568 0.00021790000000692088
569 0.0002187400000366324
570 0.0002201999999670079
571 0.00021953999994366312
572 0.00022088000000621832
573 0.0002209400000083406
574 0.00022085999994487794
575 0.000222899999926085
576 0.00022499999995488905
577 0.00022041999995963123
578 0.00022369999996953993
579 0.00022374000000127125
580 0.00022440000002461603
581 0.0002281999999013351
582 0.00022361999999702674
583 0.00022494000004371628
584 0.0002254800000173418
585 0.0002249199999823759
586 0.00022490000001198495
587 0.00022358000001077016
588 0.00022621999996772502
589 0.00022666000004392117
590 0.00022622000001319974
591 0.00022603999996135827
592 0.00022689999996146072
593 0.0002265799999349838
594 0.00022858000002088375
595 0.0002371999999468244
596 0.000228579999975409
597 0.00022879999996803236
598 0.00023031999994600484
599 0.00023003999999673396
600 0.00022920000005797193
601 0.00023219999998218553
602 0.000231179999991582
603 0.00023018000001684413
604 0.0002292599999691447
605 0.00023070000006555346
606 0.00023197999994408746
607 0.00023183999996945204
608 0.00023181999999906112
609 0.00024048000000220782
610 0.00023599999999532884
611 0.0002360399999361107
612 0.00023863999999775842
613 0.00023931999994601937
614 0.00023940000005495676
615 0.0002390199999354081
616 0.00023688000001129695
617 0.0002362200000334269
618 0.0002371800000219082
619 0.0002391999999872496
620 0.0002398999999059015
621 0.0002399599999989732
622 0.00024089999997158884
623 0.0002402399999937188
624 0.0002446999999392574
625 0.0002417000000605185
626 0.00024028000002545012
627 0.00024114000007102732
628 0.00024088000000119792
629 0.00024161999999705586
630 0.00024130000001605368
631 0.00024366000002373767
632 0.00024251999998341488
633 0.00024279999993268576
634 0.000243159999990894
635 0.00024321999990206677
636 0.00024338000007446682
637 0.00025408000001334583
638 0.0002472599999691738
639 0.0002487199999904988
640 0.00024830000002111773
641 0.00024748000000727186
642 0.00024707999996280704
643 0.0002477600000474922
644 0.000248059999967154
645 0.00024913999995987977
646 0.0002480400000422378
647 0.00024720000001252627
648 0.0002486199999566452
649 0.00025322000005871813
650 0.00024986000003082156
651 0.00024964000008367295
652 0.00024874000000636444
653 0.00025031999998645913
654 0.0002489799999693787
655 0.00025031999998645913
656 0.00025076000006265533
657 0.0002511199999389646
658 0.0002516199999718083
659 0.0002527600000576058
660 0.00025323999998363436
661 0.00025589999995645485
662 0.0002527200000258745
663 0.00025457999995524003
664 0.0002545000000282016
665 0.00025538000004416973
666 0.00025664000004326225
667 0.00025611999999455295
668 0.0002564399999755551
669 0.0002559999999903084
670 0.0002566399999523128
671 0.0002561400000558933
672 0.00026049999996757833
673 0.00025865999996312896
674 0.00025912000005519077
675 0.000257980000014868
676 0.00025833999998212673
677 0.0002605600000151753
678 0.0002603599999929429
679 0.00025906000005306853
680 0.00026119999997717966
681 0.0002597000000150729
682 0.000260279999974955
683 0.0002641799999310024
684 0.00026262000001224805
685 0.0002624599999307975
686 0.0002632799999901181
687 0.00026375999996162134
688 0.00026770000004034956
689 0.00026455999995960154
690 0.00026572000001579
691 0.0002858999999261869
692 0.00026835999992727013
693 0.0002700200000163022
694 0.00027019999997719425
695 0.00027155999996466564
696 0.00026708000004873613
697 0.00027034000004277914
698 0.0002702799999497074
699 0.0002695799999401061
700 0.0002746799999840732
701 0.00027320000003783207
702 0.0002802200000132871
703 0.00027423999999882654
704 0.0002848199999789358
705 0.0002741199999491073
706 0.00027184000000488593
707 0.00027493999996295313
708 0.0002724600000419741
709 0.00027251999990767216
710 0.00027293999996800265
711 0.00027517999997144215
712 0.00027669999999488935
713 0.0002760200000466284
714 0.0002755200000592595
715 0.0002775999999812484
716 0.0002815800000007584
717 0.0002766200000223762
718 0.0002762399999483023
719 0.0002777800000330899
720 0.0002763400000276306
721 0.00027797999996437284
722 0.0002827599999818631
723 0.00028698000005533686
724 0.00027835999990202256
725 0.0002831199999945966
726 0.00029765999997835026
727 0.0002808400000049005
728 0.00028903999996146015
729 0.00028025999999954366
730 0.00028049999996255793
731 0.0002829199999268894
732 0.00028182000000924744
733 0.00028421999991223856
734 0.0002832800000305724
735 0.0002820800000336021
736 0.0002855400000044028
737 0.00028614000002562533
738 0.00028358000004118366
739 0.00028366000005917156
740 0.00028598000008059896
741 0.0002857799999674171
742 0.0002856599999631726
743 0.00030661999994663347
744 0.0002879600000142091
745 0.0002856399999927817
746 0.00029055999998490735
747 0.00028715999997075414
748 0.00028862000003755385
749 0.0002891799998906208
750 0.0002901600000768667
751 0.00028935999998793707
752 0.000301579999995738
753 0.0002885799999603478
754 0.00029088000001138427
755 0.00028956000001016945
756 0.00029560000002675223
757 0.00029216000002634245
758 0.00029196000004958476
759 0.00029276000004756496
760 0.0002910200000314944
761 0.00029258000004119824
762 0.00029357999997046134
763 0.0002946799999790528
764 0.00029521999999815307
765 0.0002991400000155409
766 0.0002957000000606058
767 0.0002962599999136728
768 0.0002964600000268547
769 0.0002964600000268547
770 0.000299479999966934
771 0.0002967599999919912
772 0.00029928000003565103
773 0.00029954000001453096
774 0.0002995600000303966
775 0.0003016600000137259
776 0.0003005199999734032
777 0.00029948000005788347
778 0.0003014800000073592
779 0.00030190000002221494
780 0.0003011599999808823
781 0.0003022999999757303
782 0.00030335999999806516
783 0.0003044999999929132
784 0.000302979999969466
785 0.0003045999999358173
786 0.00030430000001615556
787 0.0003045599999950355
788 0.00030542000004061263
789 0.0003043400000478869
790 0.0003055600000152481
791 0.00030702000003657304
792 0.00030750000005355107
793 0.0003061199999592645
794 0.0003067599999667436
795 0.0003075000000080763
796 0.00030785999992986033
797 0.0003096800000548683
798 0.00031037999997352017
799 0.00031003999997665234
800 0.00031198000001495527
801 0.0003104200000052515
802 0.0003114000000095984
803 0.00031332000003203575
804 0.00031198000001495527
805 0.0003138800000670017
806 0.00031389999999191786
807 0.00031281999995371736
808 0.0003139599999940401
809 0.0003156400000079884
810 0.00031515999999101043
811 0.00031240000002981106
812 0.0003143199999612989
813 0.00031930000000102154
814 0.00031521999999313267
815 0.00031658000002607876
816 0.0003166599999531172
817 0.0003182599999945523
818 0.00031700000004093455
819 0.0003169999999045103
820 0.00031724000004942356
821 0.00031752000004416916
822 0.0003197999999883905
823 0.00031672000004618895
824 0.00031869999997979903
825 0.0003243199999815261
826 0.00031837999999879686
827 0.000320339999962016
828 0.00032100000007631027
829 0.00032034000005296546
830 0.0003207200000360899
831 0.0003249200000027486
832 0.0003332200000386365
833 0.00033499999995001417
834 0.0003271399999448477
835 0.00032437999993817357
836 0.00033616000009715206
837 0.0003338600000461156
838 0.00032529999994039825
839 0.0003250200000820769
840 0.0003284599999915372
841 0.00032575999998698537
842 0.00032899999991968797
843 0.00032723999997870125
844 0.000330500000018219
845 0.00032953999993878824
846 0.00032776000002741055
847 0.00033049999997274425
848 0.00033105999996223544
849 0.0003282799999396957
850 0.0003302800000710704
851 0.0003308200000446959
852 0.0003343999999742664
853 0.0003310800000690506
854 0.0003293400000075053
855 0.00033257999994020795
856 0.00033200000002580053
857 0.00033063999999285445
858 0.0003332600000248931
859 0.0003341800000271178
860 0.0003317999999580934
861 0.00033573999999134683
862 0.00034121999997296373
863 0.0003354399999352609
864 0.0003360000000157015
865 0.00033612000006542073
866 0.00033742000000529514
867 0.00033853999993880277
868 0.00033630000002631276
869 0.00033771999997043165
870 0.0003359399999226298
871 0.000343200000042998
872 0.0003384200000255078
873 0.000337279999985185
874 0.00034030000001621373
875 0.00034031999998660465
876 0.0003383600000233855
877 0.000338000000010652
878 0.00034091999996235247
879 0.0003525600000102713
880 0.0003532600000653474
881 0.0003409200000533019
882 0.00034045999991576535
883 0.0003449399999681191
884 0.00034382000008008616
885 0.00036243999998077927
886 0.00034367999996902653
887 0.00034586000001581854
888 0.00034670000004553
889 0.000346720000015921
890 0.00035934000002271207
891 0.0003436999999848922
892 0.00034937999994326673
893 0.00034564000006866993
894 0.000345679999963977
895 0.00034692000003815336
896 0.00034752000001390113
897 0.00034956000004058294
898 0.0003497599999718659
899 0.00035001999999622057
900 0.0003511799999614595
901 0.00035041999994973595
902 0.00035072000000582195
903 0.0003510600000026898
904 0.000351799999953073
905 0.00035304000002724936
906 0.0003517600000122911
907 0.000351799999953073
908 0.0003524000000197702
909 0.0003721400000358699
910 0.0003536600000188628
911 0.00035444000000097733
912 0.0003552600000602979
913 0.0003698200000144425
914 0.0003701600000113103
915 0.00035564000004342235
916 0.00037145999999665946
917 0.0003554800000074465
918 0.0003567000000657572
919 0.0003581600000416074
920 0.00035579999998844867
921 0.0003570399999716756
922 0.00035946000002695655
923 0.00035710000001927257
924 0.00037506000003304505
925 0.00037141999996492814
926 0.00036064000000806117
927 0.00035944000005656563
928 0.0003607600000123057
929 0.0003608199999689532
930 0.0003632200000083685
931 0.00036250000002837626
932 0.00036177999995743446
933 0.0003627399999913905
934 0.00036365999994814047
935 0.00036362000000735863
936 0.00036437999997360746
937 0.00038078000006862566
938 0.00036633999998230137
939 0.0003655600000001868
940 0.0003706800000145449
941 0.00036356000000523634
942 0.00036657999994531564
943 0.00036527999995996654
944 0.0003666799999791692
945 0.0003638399999090325
946 0.00036737999994329584
947 0.00036830000003647
948 0.0003716799999892828
949 0.00041254000002481915
950 0.00037052000002404386
951 0.0003694400000767928
952 0.0003716000000167696
953 0.00038753999997425125
954 0.00036882000003970463
955 0.000368780000053448
956 0.00037084000000504603
957 0.00037344000002121903
958 0.00037432000003718714
959 0.00037128000003576743
960 0.00037191999999777183
961 0.00037554000000454834
962 0.0003750400000171794
963 0.0003782799999953568
964 0.0003741800000625517
965 0.00037705999998252084
966 0.00037452000010489427
967 0.0003841199999442324
968 0.00038584000003538677
969 0.00037704000010307936
970 0.0003934999999728461
971 0.00038041999996494267
972 0.00039447999997719305
973 0.00037905999997747133
974 0.0003813800000443734
975 0.00038067999998929735
976 0.00037951999997858364
977 0.0003830999999991036
978 0.00038577999994231503
979 0.0003794599999764614
980 0.0003780600000482082
981 0.00037790000005770706
982 0.00038066000001890643
983 0.0003799000000071828
984 0.0003802999999606982
985 0.0003964800000176183
986 0.00039219999998749697
987 0.00038157999997565637
988 0.0003847599999971862
989 0.00038500000005115
990 0.0003868399999646499
991 0.00038659999991068615
992 0.00038718000005246724
993 0.00038905999999769845
994 0.00038746000004721284
995 0.00038670000008096396
996 0.00038736000005883396
997 0.00038754000006520074
998 0.0003909199999725388
999 0.0003890399999363581
1000 0.0003905000000486325
1001 0.0003923599999779981
1002 0.00038965999997344627
1003 0.00038732000002710264
1004 0.0003871999999773834
1005 0.0003903000000264001
1006 0.00038910000002942977
1007 0.0003881599999658647
1008 0.0003905999999915366
1009 0.000390800000013769
1010 0.000394380000034289
1011 0.00039274000000659725
1012 0.00039268000004994975
1013 0.000395280000020648
1014 0.000393779999922117
1015 0.00039198000004034836
1016 0.00039701999994576906
1017 0.00039739999992889353
1018 0.00039573999997628563
1019 0.0003971199999796227
1020 0.000397220000058951
1021 0.00039622000003873835
1022 0.00040969999995468245
1023 0.00040503999994143667
1024 0.00040069999995466786
1025 0.0003993799999989278
1026 0.000398479999967094
1027 0.00040090000002237505
1028 0.00040178000003834315
1029 0.0004013000000213651
1030 0.00040186000005633106
1031 0.00040212000008068574
1032 0.00040079999994304674
1033 0.0004008199998679629
1034 0.0004018999999971129
1035 0.00040476000003764057
1036 0.00040426000000479687
1037 0.0004026800000247022
1038 0.0004023399999823596
1039 0.0004037200000766461
1040 0.0004029799999898387
1041 0.0004035199999634642
1042 0.00040394000006926944
1043 0.00040512000005037406
1044 0.00040616000001136854
1045 0.00040942000000541154
1046 0.00040571999998064714
1047 0.00040641999999024847
1048 0.0004164400000263413
1049 0.0004199800000151299
1050 0.0004076400000030844
1051 0.00040848000003279594
1052 0.00041774000005716515
1053 0.0004074200000559358
1054 0.0004074199999195116
1055 0.0004077799999322451
1056 0.00040796000002956133
1057 0.00041198000003532796
1058 0.00041012000001501293
1059 0.0004127800000787829
1060 0.0004090999999789346
1061 0.0004109799999241659
1062 0.00041046000001188077
1063 0.00041150000001835
1064 0.00041336000008413977
1065 0.0004157599999871309
1066 0.00041478000002825866
1067 0.0004134799999974348
1068 0.00041242000002057467
1069 0.0004147200000261364
1070 0.0004159399999934976
1071 0.00041610000002947347
1072 0.00041697999999996683
1073 0.00041760000008252975
1074 0.0004183799999736948
1075 0.00041771999999582474
1076 0.00041934000005312556
1077 0.0004186199999821838
1078 0.00041751999997359236
1079 0.00042059999996126864
1080 0.0004235399999743095
1081 0.0004231000000345375
1082 0.0004208400000607071
1083 0.0004209600000194769
1084 0.00042544000002635584
1085 0.0004220599999825936
1086 0.000429939999958151
1087 0.00042757999999594177
1088 0.00042429999998603305
1089 0.00044582000000445985
1090 0.0004236599999330792
1091 0.00044005999993714797
1092 0.0004358800000318297
1093 0.0004247599999871454
1094 0.00042596000002959045
1095 0.00042373999995106717
1096 0.0004268200000296929
1097 0.0004449400000339665
1098 0.0004254400000718306
1099 0.00042969999999513674
1100 0.0004305399999793735
1101 0.00043347999999241436
1102 0.00042424000002938556
1103 0.0004244599999310594
1104 0.00042564000000311353
1105 0.0004308800000217161
1106 0.0004428200000347715
1107 0.0004753400000026886
1108 0.00042971999996552766
1109 0.00042997999998988233
1110 0.0004289800000151445
1111 0.00042697999997471926
1112 0.00043127999992975674
1113 0.0004288599999654252
1114 0.00043329999998604763
1115 0.0004319799999848328
1116 0.00043693999991774036
1117 0.00046280000001388546
1118 0.00043379999992794184
1119 0.00043823999999403895
1120 0.00043890000006285845
1121 0.00043632000001707637
1122 0.0004368999999314838
1123 0.00043958000001111943
1124 0.0004407599999467493
1125 0.00043663999999807854
1126 0.0004441999999471591
1127 0.0004835199999888573
1128 0.0004436799999893992
1129 0.00043903999999201916
1130 0.00044232000004740257
1131 0.0004407199999604927
1132 0.0004476999999496911
1133 0.0004423200000019278
1134 0.0004418399999394751
1135 0.0004409000000123342
1136 0.00044068000001971084
1137 0.0004450399999768706
1138 0.00044151999995847293
1139 0.00044205999997757315
1140 0.00044573999998647195
1141 0.00044199999992997616
1142 0.0004435399999692891
1143 0.00044468000005508656
1144 0.00044356000003062943
1145 0.00044453999998950167
1146 0.00044648000002780466
1147 0.00044581999995898516
1148 0.00044373999999152146
1149 0.0004478000000290194
1150 0.00044914000000062515
1151 0.00044625999998970656
1152 0.00045701999993070787
1153 0.0004484399999910238
1154 0.0004439599999841448
1155 0.00044620000003305906
1156 0.0004490600000735867
1157 0.0004529400000592432
1158 0.000450399999954243
1159 0.000453899999956775
1160 0.0004489200000989513
1161 0.0004485200000090117
1162 0.00044900000007146444
1163 0.00045015999994575396
1164 0.0004495399999996152
1165 0.0004513800000495394
1166 0.00045495999997910983
1167 0.0004511600000114413
1168 0.00045193999999355584
1169 0.0004553200000373181
1170 0.00045730000006187764
1171 0.0004581199999392993
1172 0.0004591599999457685
1173 0.0004583600000387378
1174 0.0004585200000747136
1175 0.00045894000004409463
1176 0.000454139999965264
1177 0.00045566000003418596
1178 0.00046019999999771246
1179 0.0004568599999856815
1180 0.00045799999998052954
1181 0.00045995999998922344
1182 0.0004759599999943021
1183 0.0004583999999795196
1184 0.0004587000000356056
1185 0.0004605000000537984
1186 0.00045970000005581826
1187 0.0004591199999595119
1188 0.0004603599999882135
1189 0.00046023999998396904
1190 0.00046477999994749554
1191 0.0004684800000177347
1192 0.00046449999995274994
1193 0.0004644399999961024
1194 0.000463939999917784
1195 0.00046818000000712343
1196 0.00046802000001662237
1197 0.00047070000000530853
1198 0.000466660000029151
1199 0.0004640600000584527
1200 0.0004654200000004494
1201 0.00046609999999418504
1202 0.0004672999999911553
1203 0.0004689399999733723
1204 0.0004690800000389572
1205 0.0004686999999648833
1206 0.000469859999975597
1207 0.00046971999995548686
1208 0.00047113999989960574
1209 0.00046948000003794733
1210 0.00047399999998560817
1211 0.00047098000004552887
1212 0.0004978799999662443
1213 0.0004750400000375521
1214 0.0004771200000050158
1215 0.00047444000001632957
1216 0.00047761999999238467
1217 0.00047569999992447265
1218 0.0004769599999690399
1219 0.00048201999998127577
1220 0.0004737200000363373
1221 0.00047570000001542214
1222 0.0004772599999796512
1223 0.0004758199999741919
1224 0.0004755200000545301
1225 0.0004774399999405432
1226 0.000479300000006333
1227 0.0004793199999312492
1228 0.0004776400000537251
1229 0.0004785599999650003
1230 0.0004757999999583262
1231 0.00047885999993013684
1232 0.00047933999999258956
1233 0.0004780000000209839
1234 0.0004809600000498904
1235 0.0004789199999777338
1236 0.0004779800000505929
1237 0.0004794599999968341
1238 0.0004810399999769288
1239 0.00048379999993812816
1240 0.0004836799999793584
1241 0.00048333999998249053
1242 0.00048243999995065676
1243 0.00048405999996248283
1244 0.0004903399999875546
1245 0.00048237999999400927
1246 0.0004883000000063476
1247 0.00048809999998411513
1248 0.0004896999999800755
1249 0.00048667999994904675
1250 0.0004892600000403035
1251 0.00048753999999462394
1252 0.0004875199999787583
1253 0.00048756000005596435
1254 0.0004881399999703717
1255 0.0004862000001139677
1256 0.0004892799999652198
1257 0.0004877800000485877
1258 0.0004915600000458653
1259 0.0004889399999683519
1260 0.0004894600000170613
1261 0.0004891200000201934
1262 0.0004883200000222132
1263 0.0004912599999443046
1264 0.0004922399999941262
1265 0.0004932800000005955
1266 0.0004923800000597112
1267 0.0004909600000246428
1268 0.000494539999999688
1269 0.0004934400000365713
1270 0.0004967200000010052
1271 0.0004917000000205007
1272 0.0004952000000230328
1273 0.0004943599999478465
1274 0.0004950600000029227
1275 0.0004979399999683664
1276 0.0004981799999313807
1277 0.0004985600000509294
1278 0.0004986200000075769
1279 0.0004969200000232377
1280 0.0004970000000412255
1281 0.0004969800000253599
1282 0.0004998599999908038
1283 0.0004974799999672541
1284 0.0004982200000085868
1285 0.0005000399999971705
1286 0.0004988199999843346
1287 0.0004992199999833246
1288 0.0005021999999371473
1289 0.0005004999999982829
1290 0.0004997199999252188
1291 0.0005039999999553402
1292 0.0005027199999858567
1293 0.0005062800000359858
1294 0.0005061399999704008
1295 0.0005100199999105825
1296 0.0005045999999310879
1297 0.0005065800000011222
1298 0.0005057200000010198
1299 0.0005108800000016344
1300 0.000506340000038108
1301 0.0005098599999655562
1302 0.0005083199999717181
1303 0.0005092200000490265
1304 0.0005055799999354349
1305 0.0005101199999899108
1306 0.000511179999966771
1307 0.0005138399999850662
1308 0.0005071599999610044
1309 0.0005099400000290188
1310 0.000517779999972845
1311 0.0005164600000171049
1312 0.0005135399999744549
1313 0.0005177399999411137
1314 0.0005170999999791093
1315 0.000517580000041562
1316 0.0005225400000199443
1317 0.0005442199999833974
1318 0.000513979999914227
1319 0.0005135600000357954
1320 0.0005145599999650585
1321 0.0005163400000128604
1322 0.0005191999999624386
1323 0.0005224200000156998
1324 0.0005627199999707954
1325 0.0005154599999514176
1326 0.0005166400000234716
1327 0.0005199199999879056
1328 0.0005164799999874958
1329 0.0005153200000222568
1330 0.0005164599999261555
1331 0.0005169599999135244
1332 0.0005205999999816413
1333 0.0005246800000350049
1334 0.0005231000000549102
1335 0.0005195000000639994
1336 0.0006023799999638868
1337 0.000609840000015538
1338 0.0005228800000622869
1339 0.0005214399999658781
1340 0.0005196600000999752
1341 0.000521059999937279
1342 0.0005172600000150851
1343 0.0005208800000218617
1344 0.000525019999986398
1345 0.000527559999954974
1346 0.0005376200000682729
1347 0.0005238199999894278
1348 0.0005202800000461139
1349 0.0005251600000519829
1350 0.0005220599999120167
1351 0.0005201799999667855
1352 0.0005210200000419718
1353 0.0005661400000008144
1354 0.0005409199999121484
1355 0.0005291799999213254
1356 0.0005284599999413331
1357 0.0005293400000937254
1358 0.0005326799999693322
1359 0.0005536999999094406
1360 0.0005314599999564962
1361 0.0005321399999957066
1362 0.0005368199999793433
1363 0.0005322799999703421
1364 0.0005311999999321415
1365 0.0005332800000360294
1366 0.0005381199999646924
1367 0.0005338800000117772
1368 0.0005366599999433675
1369 0.0005358200000046054
1370 0.0005411600000570615
1371 0.0005656999999246182
1372 0.0005378600000312872
1373 0.0005361400000310823
1374 0.0005335799999556911
1375 0.0005382000000281551
1376 0.0005372200000238081
1377 0.0005356800000299699
1378 0.0005355600000712002
1379 0.0005395400000452355
1380 0.000537320000012187
1381 0.0005400200000167388
1382 0.0005468599999403523
1383 0.0005420200000116893
1384 0.0005432599999949161
1385 0.0005560000000059517
1386 0.0005340800000340096
1387 0.0005473000000165484
1388 0.0005545000000438449
1389 0.0005460399999265064
1390 0.0005407799999829876
1391 0.0005416799999693467
1392 0.0005456799999592477
1393 0.0005425000000286673
1394 0.0005449800000405958
1395 0.0005541000000448548
1396 0.0005434799999875395
1397 0.000547580000011294
1398 0.0005445400000098743
1399 0.0005454800000279647
1400 0.0005451600000014878
1401 0.0005656599999383615
1402 0.0005489800000759715
1403 0.0005506400000285794
1404 0.0005460399999719812
1405 0.0005450000000109867
1406 0.000546440000016446
1407 0.0005502800000158458
1408 0.0005508199999894714
1409 0.000552179999931468
1410 0.0005521399999906862
1411 0.0005499800000052346
1412 0.0005493799999840121
1413 0.0005503599999883591
1414 0.0005482600000050297
1415 0.0005486000000473723
1416 0.000552239999979065
1417 0.0005512600000201929
1418 0.0005787999999483873
1419 0.0005871400000160065
1420 0.0005541600000015023
1421 0.0005533400000331312
1422 0.0005517999999938184
1423 0.0005552199999328877
1424 0.0005567600000176753
1425 0.0005546599999888713
1426 0.0005556600000545586
1427 0.0005565199999637116
1428 0.000562279999940074
1429 0.000564959999974235
1430 0.0005608000000393076
1431 0.0005582599999343074
1432 0.0005572600000050443
1433 0.0005620400000225345
1434 0.0005644800000027317
1435 0.0005596600000444596
1436 0.0005602400000043417
1437 0.000561199999992823
1438 0.0005605800000466843
1439 0.0005605000000286964
1440 0.0005615800000214222
1441 0.0005642000000079861
1442 0.0005596199999672536
1443 0.000562660000014148
1444 0.0005647600000429521
1445 0.0005672200000390148
1446 0.0005613199999515928
1447 0.0005628400000205147
1448 0.0005598200000804354
1449 0.0006110599999828992
1450 0.000565679999999702
1451 0.0005673799999385664
1452 0.0005700200000319456
1453 0.0005682200000592275
1454 0.0005681600000116305
1455 0.000570860000061657
1456 0.0005673399999523099
1457 0.0005671000000347703
1458 0.0005679200000031414
1459 0.0005679600000348728
1460 0.0005741800000123476
1461 0.0005712200000289158
1462 0.0005694599999969796
1463 0.0005687200000011217
1464 0.000569660000019212
1465 0.0005721799999719223
1466 0.0005706200000531681
1467 0.000572280000005776
1468 0.0005704200000309356
1469 0.0005724800000734831
1470 0.0005733199999667704
1471 0.0005736599999636383
1472 0.0005724800000280084
1473 0.000572760000022754
1474 0.0005761399999755668
1475 0.0005776599999990139
1476 0.0005841200000304525
1477 0.0005743600000187143
1478 0.00057661999994707
1479 0.0005779799999800162
1480 0.0005834000000049855
1481 0.0005801599999813334
1482 0.0005786799999441428
1483 0.0005768600000010338
1484 0.0005767399999967893
1485 0.0005794199999400007
1486 0.000580660000014177
1487 0.0005807000000459083
1488 0.0005807399999866903
1489 0.0005833799999891198
1490 0.0005834600000525825
1491 0.000582360000043991
1492 0.0005828400000609691
1493 0.0005836000000272179
1494 0.0005830799999785085
1495 0.0005820199999561737
1496 0.0005822600000101374
1497 0.0005830199999763864
1498 0.0005836600001202896
1499 0.0005837999999585008
1500 0.0005903600000692677
1501 0.000587939999968512
1502 0.0005913400000281399
1503 0.0005858800000623887
1504 0.0005865000000994768
1505 0.0005905800000618911
1506 0.0005892399999993358
1507 0.00058907999996336
1508 0.0005903400000079273
1509 0.0005894600000374339
1510 0.0005913400000281399
1511 0.0005887399999210174
1512 0.0005879799999547686
1513 0.0005903800000396586
1514 0.0005922600000303647
1515 0.000596079999968424
1516 0.0005940000000464352
1517 0.0005930799999987358
1518 0.000595439999960945
1519 0.0006108399999448011
1520 0.0006062800000108837
1521 0.0005998799999815674
1522 0.0005931799999871146
1523 0.0005978599999707512
1524 0.000599240000019563
1525 0.0005953799999588227
1526 0.0005984800000078394
1527 0.0005975800000214803
1528 0.0005996399999730784
1529 0.0006032199999481235
1530 0.0006006600000091567
1531 0.0006010799999785377
1532 0.0005967999999938911
1533 0.0006006000000070344
1534 0.000599240000019563
1535 0.0006055400000150257
1536 0.0006031000000348286
1537 0.0006052599999748054
1538 0.0006043399999725807
1539 0.0006046599999535828
1540 0.0006003000000418979
1541 0.0006004799999573152
1542 0.0006007800000134011
1543 0.00060420000004342
1544 0.0006056600000192702
1545 0.0006025799999861192
1546 0.0006021800000326038
1547 0.0006029399999988527
1548 0.0006069600000500941
1549 0.0006071800000427175
1550 0.0006066800000098738
1551 0.0006069599999136699
1552 0.0006046199999673263
1553 0.0006072199999834993
1554 0.0006095200000345357
1555 0.0006077999999888562
1556 0.0006088000000090688
1557 0.000606580000021495
1558 0.0006096399999478308
1559 0.0006101999999827967
1560 0.0006154199999855337
1561 0.0006117200000517187
1562 0.0006227999999737222
1563 0.0006129400000190799
1564 0.0006160400000226219
1565 0.0006137200000466692
1566 0.0006215200000042387
1567 0.0006262600000354723
1568 0.0006218599999556317
1569 0.0006143400000837573
1570 0.0006153199999971548
1571 0.0006160000000363652
1572 0.0006184400000165624
1573 0.000617019999981494
1574 0.0006157600000278763
1575 0.0006206200000178797
1576 0.0006189199999880657
1577 0.0006208800000422343
1578 0.0006190000000060536
1579 0.0006202199999734148
1580 0.0006170000000111031
1581 0.0006165599999803817
1582 0.0006198999999924126
1583 0.0006216000000677013
1584 0.000622300000031828
1585 0.0006185800000821473
1586 0.0006176400000185822
1587 0.0006211200000052486
1588 0.000620539999954417
1589 0.0006242599999495724
1590 0.0006247800000437565
1591 0.0006283199999870704
1592 0.000625320000017382
1593 0.0006216000000222266
1594 0.0006252000000131375
1595 0.0006253999999444205
1596 0.000623260000065784
1597 0.0006214400000317255
1598 0.0006220400000074733
1599 0.000621439999940776
1600 0.0006292000000030385
1601 0.0006262600000354723
1602 0.0006241800000680086
1603 0.0006244799999876704
1604 0.0006238400000711409
1605 0.0006272999999964668
1606 0.0006240600000637642
1607 0.0006264200000259734
1608 0.0006261399999857531
1609 0.0006332600000860111
1610 0.0006326199999421078
1611 0.0006283600000188017
1612 0.0006283000000166794
1613 0.000628599999981816
1614 0.0006307200000264856
1615 0.0006337599999824306
1616 0.0006358799999816256
1617 0.0006326199999421078
1618 0.0006327599999167433
1619 0.0006360000000313448
1620 0.0006382799999300915
1621 0.0006333199999517091
1622 0.0006304399999407905
1623 0.0006342799999401905
1624 0.0006339999999454449
1625 0.000633300000026793
1626 0.0006338400000004185
1627 0.0006341199999496894
1628 0.0006347999999888998
1629 0.0006361599999763712
1630 0.0006374399999458547
1631 0.0006342199999835429
1632 0.0006366399999933492
1633 0.0006366999999954714
1634 0.000636860000076922
1635 0.0006369400000039605
1636 0.0006370199999764736
1637 0.0006414000000404485
1638 0.0006412199999431323
1639 0.0006393200000729849
1640 0.0006402800000159913
1641 0.000645980000081181
1642 0.0006448399999044341
1643 0.000642119999974966
1644 0.0006858400000055553
1645 0.000642379999953846
1646 0.0006495199999790203
1647 0.0006416799999897193
1648 0.0006406400000287249
1649 0.0006428000000596512
1650 0.0006449400000292371
1651 0.0006540600000334961
1652 0.0006448999999520311
1653 0.0006485000000338914
1654 0.0006449999999858846
1655 0.0006459399999585002
1656 0.0006474800000432878
1657 0.0006559399999787274
1658 0.0006471199999850796
1659 0.0006475800000316668
1660 0.0006484600000021601
1661 0.0006464200000664277
1662 0.0006542399999943882
1663 0.0006470799999988231
1664 0.0006477800000538991
1665 0.0006512799999654817
1666 0.0006477800000084244
1667 0.0006522200000290468
1668 0.0006492200000138837
1669 0.0006641999999374093
1670 0.0006590999999843916
1671 0.000650519999953758
1672 0.0006582600000911043
1673 0.0006494000000202505
1674 0.0006516400000236899
1675 0.0006576200000381505
1676 0.0006564199999957055
1677 0.0006620399999519577
1678 0.0006561400000464346
1679 0.0006548400000156107
1680 0.0006561200000305689
1681 0.0006538999999975203
1682 0.0006563999999798398
1683 0.0006681599999410537
1684 0.0006603799999993498
1685 0.0006646199999522651
1686 0.0006638199999542849
1687 0.0006629800000155228
1688 0.0006634800000028917
1689 0.0006645199999638862
1690 0.0006628999999520602
1691 0.0006623400000080437
1692 0.0006597399999918707
1693 0.0006655399999544898
1694 0.0006608200000300712
1695 0.0006640399999469082
1696 0.0006674799999927927
1697 0.000666159999991578
1698 0.000667539999994915
1699 0.0006658799999513576
1700 0.0006668399999853136
1701 0.0006656199999724777
1702 0.0006744800000433315
1703 0.0006804400000419264
1704 0.0006675400000403897
1705 0.0006693400000131078
1706 0.0006747400000222115
1707 0.000666620000038165
1708 0.0006675800000266463
1709 0.0006709399999635934
1710 0.0006679000000985979
1711 0.000671879999936209
1712 0.0006667000000106782
1713 0.0006876599999941391
1714 0.0006712599999900704
1715 0.0006649999999353895
1716 0.0006693400000131078
1717 0.0006712000000788976
1718 0.0006765600000107952
1719 0.0006867200000669982
1720 0.0006831199999851378
1721 0.000673400000005131
1722 0.0006741999999121618
1723 0.0006735400000707159
1724 0.0006740400000126101
1725 0.00067587999992611
1726 0.0006816000000526401
1727 0.0006752599999344966
1728 0.0006785800000216113
1729 0.0006752599999799713
1730 0.0006826999999702821
1731 0.0006779399999686575
1732 0.0006795599999350089
1733 0.00068277999998827
1734 0.0006801600000017061
1735 0.0006795800000872987
1736 0.0006835800000771997
1737 0.0006842600000709353
1738 0.0006821200000558747
1739 0.0006849199999578559
1740 0.000679560000071433
1741 0.000677839999934804
1742 0.0006822400000601192
1743 0.0006856999999399705
1744 0.0006787199999962468
1745 0.0006852799999251147
1746 0.0006842000000233384
1747 0.0006817599999521917
1748 0.0006783199999972567
1749 0.0006798800000524352
1750 0.0007687799999985146
1751 0.0006836600000042381
1752 0.000683759999992617
1753 0.0006817599999521917
1754 0.0006834799999978714
1755 0.0006830600000284903
1756 0.000688899999977366
1757 0.0006836200000179815
1758 0.0006850000000667933
1759 0.0006878599999708968
1760 0.0006864400000267778
1761 0.0006852600000001984
1762 0.0006875399999898945
1763 0.000687080000034257
1764 0.0006962399999792979
1765 0.0006920600000285049
1766 0.0006874400000469905
1767 0.0006941399999504938
1768 0.0006920199999967735
1769 0.0006913200000326469
1770 0.0006904400000621536
1771 0.0006882599999698868
1772 0.0006920399999671645
1773 0.0006914399999914167
1774 0.0006912800000009156
1775 0.0006882399999540212
1776 0.0006917000000157714
1777 0.000695880000012039
1778 0.0006956399999580754
1779 0.0006939399999737362
1780 0.0006937600000128441
1781 0.0006961200000660028
1782 0.0006931599999461469
1783 0.0006947000000309345
1784 0.0006972800000312418
1785 0.0006975199999942561
1786 0.0006967400000576163
1787 0.0006970600000386184
1788 0.00069681999993918
1789 0.0006979600000249775
1790 0.0006957400000374037
1791 0.000695179999956963
1792 0.000698740000007092
1793 0.0006984600000123464
1794 0.0007018599999810248
1795 0.0006984199999351404
1796 0.0006995400000960217
1797 0.0006965399999899092
1798 0.0006979799999498937
1799 0.0006956199999876844
1800 0.0006963600000744919
1801 0.000698740000007092
1802 0.0007002799999554554
1803 0.0007003999999142252
1804 0.000700639999968189
1805 0.0007017199999609147
1806 0.0007036800000150834
1807 0.0007006999999703111
1808 0.0007112399999186891
1809 0.0007281800000328076
1810 0.0007120600000234845
1811 0.0007125600000563281
1812 0.0007081799999923532
1813 0.0007030400000076042
1814 0.0007071999999880063
1815 0.0007037000000764237
1816 0.0007059000000481319
1817 0.0007151200000407698
1818 0.0007071599999108003
1819 0.0007048999999369699
1820 0.0007056200000079115
1821 0.0007183799999438634
1822 0.0007152199999836739
1823 0.0007112799999504204
1824 0.0007052800000110438
1825 0.0007070199999816395
1826 0.0007190599999830738
1827 0.0007087200000114535
1828 0.0007062000000587432
1829 0.0007045400000151858
1830 0.0007062599999244412
1831 0.0007088399999702233
1832 0.0007085000000188301
1833 0.0007093800000347982
1834 0.0007085799999913434
1835 0.0007112000000233821
1836 0.000708220000115034
1837 0.0007104800000433898
1838 0.0007086000000526838
1839 0.000714280000056533
1840 0.000708820000045307
1841 0.0007101600000623875
1842 0.0007110399999419315
1843 0.0007122399999389018
1844 0.0007185800000115705
1845 0.0007119599999896309
1846 0.0007086600000093312
1847 0.0007148600000164151
1848 0.0007235000000036962
1849 0.0007138200000099459
1850 0.0007157599999572994
1851 0.0007177800000135904
1852 0.0007176799999797367
1853 0.0007265600000209815
1854 0.000717320000012478
1855 0.0007180999999945925
1856 0.0007172000000082335
1857 0.0007189000000380474
1858 0.0007370199999968463
1859 0.0007170999999743799
1860 0.0007164199999806442
1861 0.0007170600000335981
1862 0.0007180799999787268
1863 0.0007200800000646268
1864 0.0007164799999827664
1865 0.0007170399999267829
1866 0.0007208800000171323
1867 0.00071618000001763
1868 0.0007182399999692279
1869 0.0007177000000410771
1870 0.0007215399999495276
1871 0.00071815999995124
1872 0.0007210400000076334
1873 0.0007207399999060726
1874 0.0007187799999883282
1875 0.0007215600001018174
1876 0.0007240800001000025
1877 0.0007213399999727698
1878 0.0007222600000204693
1879 0.0007214800000383548
1880 0.0007248599999456929
1881 0.0007219200000690762
1882 0.0007243600000492734
1883 0.0007214400000975729
1884 0.000724640000044019
1885 0.0007244200000059209
1886 0.0007291200000054232
1887 0.0007267599999977392
1888 0.000726459999987128
1889 0.0007250999999541818
1890 0.0007254199999351841
1891 0.0007236800000555377
1892 0.0007286599999588361
1893 0.0007260400000177469
1894 0.0007286200000180543
1895 0.0007309400000849564
1896 0.0007350600000336271
1897 0.0007330000000365545
1898 0.0007343199999922945
1899 0.0007320999999592459
1900 0.0007321999999476247
1901 0.0007320199998957832
1902 0.0007314799999676325
1903 0.0007347400000071502
1904 0.0007391399999505666
1905 0.0007344000000102824
1906 0.0007372400000349444
1907 0.0007353599999987637
1908 0.0007406600000194885
1909 0.0007388799999716866
1910 0.0007376399999884598
1911 0.0007383799999388429
1912 0.0007424200000514247
1913 0.0007397999999739114
1914 0.0007384399999864399
1915 0.0007395600000108971
1916 0.0007443800000601186
1917 0.0007356999999956315
1918 0.0007348400000410038
1919 0.0007576200000130485
1920 0.0007370600000285776
1921 0.0007406400000036228
1922 0.0007437000000663829
1923 0.0007429600000250502
1924 0.0007465200000297045
1925 0.000733399999944595
1926 0.0007367999999587482
1927 0.0007386799999494542
1928 0.0007371799999873474
1929 0.0007391200000256504
1930 0.0007373399999778485
1931 0.000739400000020396
1932 0.0007361599999512692
1933 0.0007367799999428825
1934 0.0007379600000149367
1935 0.0007404600000427309
1936 0.0007408799999666371
1937 0.0007394200000817363
1938 0.0007376600000498001
1939 0.0007420199999614852
1940 0.0007401000000299973
1941 0.0007402400000046328
1942 0.0007414600000174687
1943 0.0007449000000178784
1944 0.0007401399999707792
1945 0.0007408400000258553
1946 0.0007420800000090821
1947 0.0007454600000983191
1948 0.000741939999988972
1949 0.0007431199999700766
1950 0.0007434599999669445
1951 0.000743860000056884
1952 0.000746040000103676
1953 0.0007463000000370812
1954 0.0007445400000506197
1955 0.000751799999989089
1956 0.0007455400000253576
1957 0.0007465400000000955
1958 0.0007459000000835658
1959 0.0007482599999548256
1960 0.0007461399999101559
1961 0.0007448199999544158
1962 0.0007463000000370812
1963 0.0007472199999938312
1964 0.0007447599999522936
1965 0.0007473599999684666
1966 0.0007483200000478974
1967 0.0007504799999423995
1968 0.0007484800000383985
1969 0.0007481600000119216
1970 0.0007510200000069745
1971 0.0007475600000361737
1972 0.0007503400000132387
1973 0.0007489600000099017
1974 0.000753020000001925
1975 0.0007497400000829657
1976 0.0007500600000184931
1977 0.000752159999910873
1978 0.000752459999966959
1979 0.0007534399999713059
1980 0.0007495599999856495
1981 0.0007515799999964657
1982 0.0007526400000188004
1983 0.0007626599999639438
1984 0.0007527200000367884
1985 0.000764379999918674
1986 0.0007570199999918259
1987 0.0007517400000779162
1988 0.0007532600000104139
1989 0.000776460000042789
1990 0.0007577800000490243
1991 0.0007611800000177027
1992 0.000761220000049434
1993 0.0007673799999793118
1994 0.0007578199999443314
1995 0.000759539999990011
1996 0.000764260000005379
1997 0.0007663800000955234
1998 0.0007624999999734427
1999 0.0007599199999731354
2000 0.0007599999999456486
