1 4.559999797493219e-06
2 8.460000026389025e-06
3 3.245999978389591e-05
4 6.81800000165822e-05
5 0.0001403800002663047
6 0.00018710000022110763
7 0.0003047800000786083
8 0.0003809800002272823
9 0.0005640000001221779
10 0.0007432199998220312
11 0.0009362800001326832
12 0.0012258999999176013
13 0.0015272200002073078
14 0.0019406999997954699
15 0.002233259999593429
16 0.0027748400001655683
17 0.003168000000187021
18 0.004016799999953946
19 0.004611699999804842
20 0.0056333599997742565
21 0.006398540000191133
22 0.006953260000045702
23 0.0074705200002426865
24 0.008114739999655285
25 0.009469859999990149
26 0.010500080000019807
27 0.011148840000169002
28 0.012461260000054607
29 0.014010339999913413
30 0.015478320000147506
31 0.01681377999975666
32 0.01910299999981362
33 0.02093267999989621
34 0.023305680000521533
35 0.025399640000250655
36 0.027465459999984888
37 0.02856469999987894
38 0.03203302000038093
39 0.033358759999646284
40 0.036553959999946525
41 0.03958437999990565
42 0.04458094000001438
43 0.044897800000217106
44 0.049128419999942705
45 0.05170218000021123
46 0.05499097999982041
47 0.05811572000002343
48 0.06388092000015604
49 0.06545390000010229
50 0.07164575999995577
51 0.0756119800000306
52 0.08080006000018329
53 0.08271179999992455
54 0.09155522000000929
55 0.09175018000005367
56 0.10718830000005256
57 0.10457862000021123
58 0.11344992000013007
59 0.11513169999980163
60 0.12497645999974338
61 0.1275201400001606
62 0.13612415999996302
63 0.14099431999984519
64 0.15206922000015766
65 0.15433847999975114
66 0.16486856000010447
67 0.16999610000002577
68 0.18112231999984943
69 0.18394366000011358
70 0.19593554000039148
71 0.20000837999996293
72 0.2153790399999707
73 0.21686318000010943
74 0.23173119999992195
75 0.24054854000005435
76 0.2522504200000185
77 0.25257848000001104
78 0.2722881400000915
79 0.2715425600001254
80 0.2929248599999482
81 0.2996065400000589
82 0.31229048000004694
83 0.3189948999997796
84 0.3379411600000822
85 0.33862802000003284
86 0.3685773800001698
87 0.3667574600001899
88 0.3871354199998677
89 0.3902298599999995
90 0.423289560000012
91 0.4178585399999065
92 0.44430912000007083
93 0.4452866999999969
94 0.47904942000022854
95 0.47465695999999297
96 0.5039660400001594
97 0.505755699999827
98 0.5366822799998772
99 0.5389850999999908
100 0.5746123799999623
101 0.5667335000001913
102 0.6041400399997656
103 0.6125780399999712
104 0.6436265999998796
105 0.6478655399996569
106 0.6836718399996243
107 0.6807202200001484
108 0.7204679799999212
109 0.7181360400001722
110 0.7577209599996422
111 0.7544886600000609
112 0.8050977599999897
113 0.794231260000197
114 0.849512539999705
115 0.837212400000135
116 0.887022799999795
117 0.8814175199997407
118 0.9384976799998185
119 0.9345025599999645
120 0.9801290000001245
121 0.9830425399999513
122 1.0313231000001906
123 1.0342840800001796
124 1.0912206199996946
125 1.077242860000115
126 1.1425178000003142
127 1.1332228599998415
128 1.1899584400000094
129 1.1835394399995494
130 1.2588165799999842
131 1.2508651199997984
132 1.3124473199997737
133 1.3071540399998411
134 1.3675322799999776
135 1.3628470400000878
136 1.5261438600000474
137 1.4266903200001253
138 1.4992465399998764
139 1.4906123800001296
140 1.5605438000002323
141 1.5588303400001677
142 1.645858280000175
143 1.624614279999878
144 1.699252940000224
145 1.6851185799996529
146 1.7665972000002512
147 1.7579689000000145
148 1.8440938199997619
149 1.835700859999997
150 1.9276788800001667
151 1.9063231799997085
152 1.9922997800002122
153 2.1332036400001018
154 2.179531119999956
155 2.070196880000185
156 2.1681667400000153
157 2.1411027999998624
158 2.251933140000074
159 2.234381719999874
160 2.333875159999843
161 2.3145983799999157
162 2.4272322399998303
163 2.397733980000157
164 2.5081925200001933
165 2.5196524400000273
166 2.612431060000199
167 2.5710402800003065
168 2.7046781400002144
169 2.665806520000115
170 2.788599780000004
171 2.7682344800001375
172 2.8860421999997925
173 2.8503799199999778
174 2.9984444800002166
175 2.9546238600001744
176 3.0866665000001374
177 3.0665989200000694
178 3.2069328999999924
179 3.171971080000185
180 3.3096244799999113
181 3.268653559999984
182 3.427642460000061
183 3.3784087800000635
184 3.569958200000292
185 3.490493260000039
186 3.66856403999991
187 3.6076974400004476
188 3.788142719999996
189 3.724085980000018
190 3.911673399999745
191 3.8441228600000614
192 4.036840560000019
193 3.976120219999939
194 4.155540240000119
195 4.104228980000334
196 4.303373640000063
197 4.210302599999887
198 4.443491679999715
199 4.3552833399999145
200 4.568023299999913
201 4.480603599999813
202 4.717558559999998
203 4.618866379999963
204 4.822268259999691
205 4.761360520000198
206 4.9639490200001095
207 4.904769880000094
208 5.123278799999753
209 5.063357979999819
210 5.282258420000107
211 5.174819599999682
212 5.417999280000186
213 5.338780719999886
214 5.586031179999918
215 5.475531180000144
216 5.746568119999756
217 5.645444840000164
218 5.884054240000114
219 5.797128500000144
220 6.061442459999853
221 5.944206159999885
222 6.211779040000328
223 6.105144880000443
224 6.370340680000117
225 6.27909013999979
226 6.57086247999996
227 6.436208979999901
228 6.719683959999929
229 6.608603940000103
230 6.882334219999938
231 6.795923539999967
232 7.126514579999821
233 6.987923760000195
234 7.288605120000102
235 7.170202940000126
236 7.486709999999948
237 7.35960271999993
238 7.685375899999781
239 7.527944540000317
240 7.863598620000266
241 7.709030800000255
242 8.02869716000023
243 7.9083464400002415
244 8.308593039999687
245 8.124449760000426
246 8.448362520000227
247 8.287470799999937
248 8.65001577999974
249 8.507604939999874
250 8.891159300000073
251 8.70568781999973
252 9.096274339999582
253 8.928415880000102
254 9.280935060000411
255 9.13168086000078
256 9.529649320000681
257 9.364197119999517
258 10.02174423999968
259 9.859682820000307
260 9.726684019999812
261 10.34727819999971
262 10.220231779999812
263 10.049011840000095
264 10.692192439999781
265 10.628917059999731
266 10.396836679999979
267 11.082758679999824
268 10.958540720000382
269 10.74262553999979
270 11.451850159999594
271 11.341454659999727
272 11.17943527999996
273 11.917826740000237
274 11.69835865999994
275 11.485413719999997
276 12.190241639999659
277 12.189490799999476
278 11.86185420000038
279 12.657544419999976
280 12.467902959999993
281 12.24285645999953
282 13.02283548000014
283 12.889855400000306
284 12.636522740000146
285 13.416625099999873
286 13.32366600000023
287 13.054537119999804
288 13.858052659999885
289 13.885770799999227
290 13.514091199999893
291 14.329200359999959
292 14.146558259999802
293 13.892261000000508
294 14.732516959999703
295 14.613108060000377
296 14.321476919999986
297 15.22341141999932
298 15.079135459999815
299 14.772686599999725
300 15.642442239999582
301 15.603424959999392
302 15.201746659999845
303 16.177253220000058
304 15.985449979999611
305 15.672184559999732
306 16.611782120000136
307 16.50017541999987
308 16.146443660000294
309 17.11617957999988
310 16.996418900000208
311 16.629392240000016
312 17.672401679999894
313 17.570166219999738
314 17.15137195999996
315 18.13928707999985
316 17.97934230000028
317 17.60880716000029
318 18.65792900000015
319 18.516607139999905
320 18.100928299999943
321 19.175673919999827
322 19.26777801999997
323 18.66558863999999
324 19.655325040000026
325 19.63538137999967
326 19.145365440000024
327 20.358888040000238
328 20.143206519999513
329 19.76728083999951
330 20.90488203999994
331 20.667920259999665
332 20.25478664000002
333 21.426706999999805
334 21.287535679999927
335 20.79983121999976
336 21.992626800000288
337 21.894666420000068
338 21.34995110000018
339 22.690838800000346
340 22.488956959999996
341 21.935161499999957
342 23.148864780000803
343 23.012005520000095
344 22.577395080000134
345 23.79817856000045
346 23.656425279999894
347 23.130821979999745
348 24.42412685999916
349 24.36494165999975
350 23.75176560000036
351 25.088825900000664
352 24.88518638000023
353 24.378506339999877
354 25.807372639999084
355 25.731116300000576
356 25.058865839999633
357 26.440382740001223
358 26.2652955000005
359 25.62887528000065
360 27.03183477999992
361 26.93836641999951
362 26.300126939998883
363 27.771536760000163
364 27.57607435999962
365 26.96321040000039
366 28.412826720000158
367 28.250963679998677
368 27.628522139999404
369 29.156845600000814
370 28.924799319999874
371 28.292707160000283
372 29.793772060001356
373 29.713116140000785
374 28.9851677199993
375 30.647086159998434
376 30.3435676599991
377 29.69476469999936
378 31.34864271999977
379 31.066927959999155
380 30.562920759999542
381 32.092414460000874
382 31.828057660000194
383 31.12622862000062
384 32.796510819999824
385 32.691153579999806
386 31.91130589999957
387 33.62338015999994
388 33.42360396000004
389 32.767949000000954
390 34.39927759999919
391 34.17507837999947
392 33.378691579999575
393 35.17845519999973
394 34.94170098000031
395 34.2671134199998
396 35.94571658000059
397 35.87622591999825
398 34.942293999998945
399 36.904833700000744
400 36.60441492000027
401 36.04770020000069
402 37.71654402000058
403 37.54470549999896
404 36.65062999999937
405 38.589012419999925
406 38.27865224000052
407 37.516346979999796
408 39.47901788000017
409 39.30804452000084
410 38.2575179399988
411 40.380076699999336
412 40.08716579999964
413 39.20357798000041
414 41.131650219998846
415 40.90816171999977
416 39.84055502000119
417 42.04802641999995
418 41.72946639999937
419 40.81044858000023
420 43.09108897999977
421 42.74206771999961
422 41.7713846400009
423 44.00655154000051
424 43.63383418000012
425 42.72500241999951
426 44.860215880000034
427 44.53585628000146
428 43.68641970000026
429 45.83371151999963
430 45.47919174000126
431 44.47034784000061
432 46.691361640000835
433 46.54758468000146
434 45.481416699999684
435 47.818647880000206
436 47.674762380000175
437 46.343051380000546
438 48.75571084000112
439 48.4528856200006
440 47.284519620001085
441 49.72008044000104
442 49.33553784000105
443 48.472579660000335
444 50.758256280000204
445 50.636408920001124
446 49.47775847999874
447 51.97148691999755
448 51.51000990000175
449 50.40556231999945
450 52.974970899999605
451 52.56725878000143
452 51.29218078000122
453 53.943276340000736
454 53.50709838000184
455 52.31193790000107
456 54.905665319999386
457 54.64363225999987
458 53.42520745999936
459 56.08488927999715
460 55.69684189999971
461 54.46340297999704
462 57.14563395999867
463 57.37728726000205
464 55.64289954000124
465 58.33905809999851
466 57.881701680000695
467 56.778186659999484
468 59.290616259998934
469 59.17822879999876
470 57.79079406000092
471 60.72902663999994
472 60.17502567999909
473 58.90567299999966
474 61.84338611999992
475 61.380482340000164
476 60.27733731999906
477 62.93104820000299
478 62.70246451999992
479 61.2714450600004
480 64.17158396000013
481 63.98079522000044
482 62.454157460000715
483 65.48788822000206
484 64.99356558000144
485 63.571880679999595
486 66.73023566000047
487 66.56235051999974
488 64.87767873999982
489 68.04134654000227
490 67.6022111600003
491 66.0141340800008
492 69.2802291199987
493 68.82185995999899
494 67.16827074000176
495 70.71635701999767
496 70.06454998000262
497 68.41549387999984
498 71.98320857999934
499 71.31873264000168
500 69.67951862000045

