1 2.7199999749427662e-06
2 1.759999940986745e-06
3 1.8000000181928044e-06
4 1.919999976962572e-06
5 2.060000042547472e-06
6 2.14000001506065e-06
7 2.2200000330485637e-06
8 2.3199999759526692e-06
9 2.4200000098062445e-06
10 2.6000000616477335e-06
11 2.5800000457820714e-06
12 2.7199999749427662e-06
13 2.7999999019812096e-06
14 2.8999999813095203e-06
15 2.9799999538226985e-06
16 3.059999926335877e-06
17 3.1599999601894526e-06
18 3.300000025774352e-06
19 3.3600000733713386e-06
20 3.440000045884517e-06
21 3.5999998999614036e-06
22 3.7199999951553764e-06
23 3.7999999676685547e-06
24 3.860000060740276e-06
25 3.960000049119116e-06
26 4.119999994145474e-06
27 4.0799999624141495e-06
28 4.240000043864711e-06
29 4.340000032243552e-06
30 4.46000008196279e-06
31 4.5400000090012325e-06
32 4.599999965648749e-06
33 4.719999969893251e-06
34 4.780000017490238e-06
35 4.919999992125668e-06
36 4.920000037600403e-06
37 5.059999966761097e-06
38 5.160000000614673e-06
39 5.2199999572621895e-06
40 5.379999993238016e-06
41 5.42000002496934e-06
42 5.540000029213843e-06
43 5.660000033458345e-06
44 5.6999999742402e-06
45 5.839999994350365e-06
46 1.8020000015894767e-05
47 6.719999964843737e-06
48 6.119999989095959e-06
49 6.219999932000064e-06
50 6.340000027194037e-06
51 6.360000043059699e-06
52 6.500000017695129e-06
53 6.639999992330559e-06
54 6.719999964843737e-06
55 6.7400000261841345e-06
56 6.780000057915459e-06
57 6.9399999574670804e-06
58 7.019999975454993e-06
59 7.0600000071863175e-06
60 7.159999950090423e-06
61 7.21999999768741e-06
62 7.360000017797574e-06
63 7.4200000199198255e-06
64 7.559999994555256e-06
65 8.019999950192868e-06
66 7.639999967068434e-06
67 7.800000048518996e-06
68 7.920000007288763e-06
69 7.960000039020087e-06
70 8.040000057008002e-06
71 8.239999942816212e-06
72 8.22000001790002e-06
73 8.340000022144523e-06
74 8.479999951305218e-06
75 8.600000001024455e-06
76 8.639999987281043e-06
77 8.699999989403296e-06
78 8.839999964038725e-06
79 8.900000011635711e-06
80 9.000000045489286e-06
81 9.200000022246968e-06
82 9.539999928165343e-06
83 9.320000026491471e-06
84 9.339999996882397e-06
85 9.460000046601636e-06
86 9.519999957774417e-06
87 9.640000007493654e-06
88 9.759999920788687e-06
89 9.800000043469481e-06
90 1.0000000020227163e-05
91 1.0060000022349413e-05
92 1.0100000008606002e-05
93 1.0199999906035373e-05
94 1.0259999999107095e-05
95 1.0419999989608187e-05
96 1.0440000005473849e-05
97 1.4020000025993796e-05
98 1.0639999982231529e-05
99 1.0740000016085105e-05
100 1.0939999992842785e-05
101 1.1060000088036758e-05
102 1.107999992200348e-05
103 1.108000001295295e-05
104 1.1219999942113646e-05
105 1.135999996222381e-05
106 1.1419999964346061e-05
107 1.150000002780871e-05
108 1.1719999974957318e-05
109 1.1759999961213907e-05
110 1.222000000780099e-05
111 1.2000000015177648e-05
112 1.1940000013055396e-05
113 1.215999991472927e-05
114 1.2240000069141388e-05
115 1.222000000780099e-05
116 1.239999996869301e-05
117 1.2540000034277909e-05
118 1.2600000036400161e-05
119 1.2599999990925426e-05
120 1.2739999965560855e-05
121 1.2900000047011418e-05
122 1.336000000264903e-05
123 1.2999999944440787e-05
124 1.3139999964550952e-05
125 1.3199999966673203e-05
126 1.3180000041757012e-05
127 1.3319999970917706e-05
128 1.3659999967785553e-05
129 1.3579999949797638e-05
130 1.3720000060857273e-05
131 1.372000001538254e-05
132 1.3920000037614955e-05
133 1.4020000025993796e-05
134 1.4120000014372635e-05
135 1.4099999998506973e-05
136 1.4299999975264654e-05
137 1.4339999961521243e-05
138 1.4379999993252567e-05
139 1.4499999952022336e-05
140 1.4519999967887998e-05
141 1.4719999990120414e-05
142 1.487999993514677e-05
143 1.4939999982743756e-05
144 1.5359999997599517e-05
145 1.5139999959501438e-05
146 1.5059999941513525e-05
147 1.5180000036707498e-05
148 1.5340000072683323e-05
149 1.5460000031453092e-05
150 1.5499999972234945e-05
151 1.5679999933126965e-05
152 1.5759999996589613e-05
153 1.5760000087539085e-05
154 1.6379999988203053e-05
155 1.6019999975469545e-05
156 1.6099999947982722e-05
157 1.61999999818363e-05
158 1.6259999938483816e-05
159 1.6319999986080802e-05
160 1.6499999992447557e-05
161 1.6659999982948647e-05
162 1.6699999969205236e-05
163 1.672000007602037e-05
164 1.743999996506318e-05
165 1.7000000025291228e-05
166 1.7019999995682154e-05
167 1.7179999895233776e-05
168 1.7239999942830762e-05
169 1.7279999974562087e-05
170 1.7400000024281327e-05
171 1.7419999949197518e-05
172 1.7560000014782417e-05
173 1.7980000029638178e-05
174 1.77399999301997e-05
175 1.7819999948187613e-05
176 1.7940000043381586e-05
177 1.7980000029638178e-05
178 1.804000003176043e-05
179 1.8280000040249435e-05
180 1.8340000042371685e-05
181 1.8299999965165625e-05
182 1.890000007733761e-05
183 1.862000003711728e-05
184 1.8679999993764795e-05
185 1.8760000011752707e-05
186 1.8840000029740624e-05
187 1.890000007733761e-05
188 1.9060000022363964e-05
189 1.9160000010742807e-05
190 1.9580000025598564e-05
191 1.9320000001243896e-05
192 1.9339999880685355e-05
193 1.9459999975879327e-05
194 1.9519999932526842e-05
195 1.9699999984368333e-05
196 1.9780000002356246e-05
197 1.9879999990735085e-05
198 2.001999991989578e-05
199 2.0420000055310084e-05
200 2.014000006056449e-05
201 2.015999998548068e-05
202 2.034000003732217e-05
203 2.0339999991847435e-05
204 2.044000002570101e-05
205 2.0599999970727367e-05
206 2.0659999972849618e-05
207 2.1160000051168028e-05
208 2.079999994748505e-05
209 2.0879999965472962e-05
210 2.1120000019436703e-05
211 2.1119999973961968e-05
212 2.1140000035302366e-05
213 2.128000005541253e-05
214 2.162000000680564e-05
215 2.143999995496415e-05
216 2.1599999990939976e-05
217 2.1660000038536963e-05
218 2.192000006289163e-05
219 2.1919999926467427e-05
220 2.1960000094622955e-05
221 2.219999992121302e-05
222 2.257999994981219e-05
223 2.2160000071380637e-05
224 2.2399999943445435e-05
225 2.2459999991042422e-05
226 2.2520000038639408e-05
227 2.263999995193444e-05
228 2.266000001327484e-05
229 2.3239999973156954e-05
230 2.2880000005898183e-05
231 2.3020000071483082e-05
232 2.315999995516904e-05
233 2.310000004399626e-05
234 2.3260000034497352e-05
235 2.334000000701053e-05
236 2.587999993011181e-05
237 2.3559999954159137e-05
238 2.3600000031365197e-05
239 2.3660000033487448e-05
240 2.380000000812288e-05
241 2.3880000071585528e-05
242 2.3940000028233042e-05
243 2.4439999970127245e-05
244 2.4239999993369567e-05
245 2.4199999961638242e-05
246 2.44799999109091e-05
247 2.448000009280804e-05
248 2.4519999942640425e-05
249 2.4599999960628338e-05
250 2.5099999947997276e-05
251 2.4779999966995093e-05
252 2.4860000030457742e-05
253 2.4999999959618434e-05
254 2.5099999947997276e-05
255 2.517999996598519e-05
256 2.5560000040059094e-05
257 2.5280000090788236e-05
258 2.5340000001961015e-05
259 2.555999999458436e-05
260 2.563999996709754e-05
261 2.5700000014694525e-05
262 2.5740000000951114e-05
263 2.6179999986197798e-05
264 2.6079999952344223e-05
265 2.6059999981953297e-05
266 2.6159999970332136e-05
267 2.6179999940723066e-05
268 2.637999996295548e-05
269 2.680000006876071e-05
270 2.652000002854038e-05
271 2.673999988473952e-05
272 2.6739999975688987e-05
273 2.679999997781124e-05
274 2.6960000013787067e-05
275 2.7339999951436768e-05
276 2.7039999986300244e-05
277 2.7180000051885146e-05
278 2.730000001065491e-05
279 2.7400000044508487e-05
280 2.7460000001156005e-05
281 2.747999997154693e-05
282 2.757999995992577e-05
283 2.767999999377935e-05
284 2.7800000043498586e-05
285 2.779999999802385e-05
286 2.789999998640269e-05
287 2.847999999175954e-05
288 2.8139999994891695e-05
289 2.8220000058354344e-05
290 2.8279999969527126e-05
291 2.8520000023490864e-05
292 2.8460000021368614e-05
293 2.9080000012982053e-05
294 2.8699999938908148e-05
295 2.884000000449305e-05
296 2.8960000008737552e-05
297 2.8980000024603214e-05
298 2.9019999965385067e-05
299 2.9540000014094403e-05
300 2.9200000017226558e-05
301 2.941999991890043e-05
302 2.945999999610649e-05
303 2.972000002046116e-05
304 2.960000006169139e-05
305 2.9760000006717747e-05
306 2.9839999979230924e-05
307 2.9879999965487512e-05
308 2.995999998347543e-05
309 3.012000006492599e-05
310 3.016000005118258e-05
311 3.0260000039561417e-05
312 3.0399999968722113e-05
313 3.0479999986710026e-05
314 3.059999999095453e-05
315 3.066000003855151e-05
316 3.111999994871439e-05
317 3.086000006078393e-05
318 3.0939999987822375e-05
319 3.1040000021675954e-05
320 3.1159999980445716e-05
321 3.158000004077621e-05
322 3.1260000014299294e-05
323 3.1279999939215485e-05
324 3.1380000018543795e-05
325 3.156000002491055e-05
326 3.3759999996618714e-05
327 3.1779999926584426e-05
328 3.189999988535419e-05
329 3.193999996256025e-05
330 3.213999998479267e-05
331 3.2079999982670415e-05
332 3.2620000001770674e-05
333 3.235999997741601e-05
334 3.245999996579485e-05
335 3.2439999995403926e-05
336 3.2439999995403926e-05
337 3.304000001662644e-05
338 3.273999996054044e-05
339 3.2860000010259684e-05
340 3.295999999863852e-05
341 3.3099999927799215e-05
342 3.352000007907918e-05
343 3.3100000018748686e-05
344 3.324000003885885e-05
345 3.345999998600746e-05
346 3.351999998812971e-05
347 3.394000004846021e-05
348 3.364000003784895e-05
349 3.373999998075305e-05
350 3.388000009181269e-05
351 3.38199999077915e-05
352 3.437999998823216e-05
353 3.4239999968121994e-05
354 3.415999999560882e-05
355 3.430000001571898e-05
356 3.4340000001975565e-05
357 3.477999994174752e-05
358 3.45999999808555e-05
359 3.474000000096567e-05
360 3.4819999973478845e-05
361 3.501999995023652e-05
362 3.523999989738513e-05
363 3.510000001369917e-05
364 3.504000005705166e-05
365 3.519999995660328e-05
366 3.528000006554066e-05
367 3.591999993659556e-05
368 3.5519999937605465e-05
369 3.555999996933679e-05
370 3.556000001481152e-05
371 3.61599999905593e-05
372 3.600000000005821e-05
373 3.600000004553294e-05
374 3.600000004553294e-05
375 3.615999994508456e-05
376 3.6619999991671645e-05
377 3.6279999994803803e-05
378 3.6419999969439235e-05
379 3.646000004664529e-05
380 3.65599999895494e-05
381 3.704000000652741e-05
382 3.6739999950441414e-05
383 3.67999999980384e-05
384 3.687999997055158e-05
385 3.6999999929321346e-05
386 3.710000000864966e-05
387 3.71799999356881e-05
388 3.72999999399326e-05
389 3.7440000005517506e-05
390 3.787999999076419e-05
391 3.7500000098589224e-05
392 3.7559999964287274e-05
393 3.778000000238535e-05
394 3.816000003098452e-05
395 3.792000002249552e-05
396 3.8080000012996604e-05
397 3.814000001511886e-05
398 3.8220000033106774e-05
399 6.0239999993427776e-05
400 3.851999999824329e-05
401 3.860000006170594e-05
402 3.863999991153833e-05
403 3.951999997298117e-05
404 3.894000001309905e-05
405 3.895999993801525e-05
406 3.90000000152213e-05
407 3.939999996873667e-05
408 3.9159999914772925e-05
409 3.92599999486265e-05
410 3.9460000061808385e-05
411 3.986000006079848e-05
412 3.9600000036443816e-05
413 3.963999993175094e-05
414 3.9819999983592425e-05
415 3.9820000074541896e-05
416 4.033999998682702e-05
417 3.999999998995918e-05
418 4.012000008515315e-05
419 4.0179999950851196e-05
420 4.0700000045035265e-05
421 4.0380000018558346e-05
422 4.0419999959340205e-05
423 4.0519999947719044e-05
424 4.112000010536576e-05
425 4.0820000003805033e-05
426 4.0840000019670696e-05
427 4.089999997631821e-05
428 4.135999997743056e-05
429 4.1080000028159705e-05
430 4.1200000032404206e-05
431 4.123999997318606e-05
432 4.241999999976542e-05
433 4.1499999997540724e-05
434 4.158000001552864e-05
435 4.1679999867483275e-05
436 4.209999992781377e-05
437 4.18599999647995e-05
438 4.1860000010274234e-05
439 4.207999995742284e-05
440 4.203999997116625e-05
441 4.2220000023007745e-05
442 4.22599999637896e-05
443 4.240000002937449e-05
444 4.2540000004009924e-05
445 4.260000000613218e-05
446 4.274000002624234e-05
447 4.274000002624234e-05
448 4.294000000300002e-05
449 4.295999997339095e-05
450 4.315999995014863e-05
451 4.3120000009366775e-05
452 4.3120000054841515e-05
453 4.3360000017855785e-05
454 4.3459999960759885e-05
455 4.349999999249121e-05
456 4.40599999819824e-05
457 4.361999999673572e-05
458 4.3839999943884325e-05
459 4.3800000003102466e-05
460 4.605999997693288e-05
461 4.410000001371372e-05
462 4.419999995661783e-05
463 4.4139999999970314e-05
464 4.464000003281399e-05
465 4.444000001058157e-05
466 4.454000004443515e-05
467 4.451999998309475e-05
468 4.518000005191425e-05
469 4.4739999975718095e-05
470 4.481999994823127e-05
471 4.4820000084655476e-05
472 4.5360000058281e-05
473 4.50999999884516e-05
474 4.524000000856176e-05
475 4.525999997895269e-05
476 4.577999998218729e-05
477 4.5419999969453785e-05
478 4.56199999916862e-05
479 4.612000002452987e-05
480 4.5739999995930704e-05
481 4.588000001604087e-05
482 4.5860000000175205e-05
483 4.649999996217957e-05
484 4.6199999997043054e-05
485 4.624000002877438e-05
486 4.627999996955623e-05
487 4.684000000452215e-05
488 4.658000002564222e-05
489 4.659999999603315e-05
490 4.672000000027765e-05
491 4.729999996015977e-05
492 4.684000000452215e-05
493 4.681999998865649e-05
494 4.761999998663669e-05
495 4.716000003099907e-05
496 4.7320000066974896e-05
497 4.728000003524357e-05
498 4.789999998138228e-05
499 4.750000002786692e-05
500 4.7579999909430624e-05
501 4.809999995813996e-05
502 4.774000003635592e-05
503 4.794000005858834e-05
504 4.789999993590754e-05
505 4.8479999986739133e-05
506 4.810000000361469e-05
507 4.8220000053333933e-05
508 4.838000004383503e-05
509 4.8739999965619066e-05
510 4.8580000020592705e-05
511 4.8599999990983635e-05
512 4.903999993075558e-05
513 4.877999999735039e-05
514 4.877999995187565e-05
515 4.885999996986357e-05
516 5.0779999992300875e-05
517 4.9140000010083894e-05
518 4.921999998259707e-05
519 4.9639999951978096e-05
520 4.934000003231631e-05
521 4.943999997522042e-05
522 4.9600000011196244e-05
523 5.009999999856518e-05
524 4.983999992873578e-05
525 4.983999992873578e-05
526 5.041999993409263e-05
527 5.012000005990558e-05
528 5.013999993934704e-05
529 5.0320000082138e-05
530 5.071999999017862e-05
531 5.04200000250421e-05
532 5.0640000017665444e-05
533 5.105999994157173e-05
534 5.076000006738468e-05
535 5.07999999626918e-05
536 5.123999999341322e-05
537 5.093999998280196e-05
538 5.105999998704647e-05
539 5.1180000036765704e-05
540 5.163999999240332e-05
541 5.128000002514454e-05
542 5.169999999452557e-05
543 5.150000001776789e-05
544 5.166000000826898e-05
545 5.166000000826898e-05
546 5.221999995228543e-05
547 5.2000000005136825e-05
548 5.194000000301458e-05
549 5.2220000043234904e-05
550 5.274000000099477e-05
551 5.230000001574808e-05
552 5.2340000047479406e-05
553 5.276000001686043e-05
554 5.255999994915328e-05
555 5.261999995127553e-05
556 5.673999999089574e-05
557 5.308000008881208e-05
558 5.288000006657967e-05
559 5.2819999973507946e-05
560 5.289999994602112e-05
561 5.317999994076672e-05
562 5.3360000083557677e-05
563 5.371999995986698e-05
564 5.33999999788648e-05
565 5.333999997674255e-05
566 5.625999997391773e-05
567 5.370000003495079e-05
568 5.388000004131754e-05
569 5.417999996097933e-05
570 5.388000004131754e-05
571 5.420000002231973e-05
572 5.4419999969468336e-05
573 5.41599999905884e-05
574 5.426000002444198e-05
575 5.437999993773701e-05
576 5.484000002979883e-05
577 5.458000000544416e-05
578 5.4760000011810916e-05
579 5.50599999314727e-05
580 5.488000006153016e-05
581 5.500000002029992e-05
582 5.529999998543644e-05
583 5.506000002242217e-05
584 5.5199999997057604e-05
585 5.580000001828012e-05
586 5.5419999989680945e-05
587 5.548000008275267e-05
588 5.5559999964316376e-05
589 5.557999998018204e-05
590 5.575999998654879e-05
591 5.617999995592982e-05
592 5.6019999965428725e-05
593 5.5840000095486174e-05
594 5.645999995067541e-05
595 5.624000004900154e-05
596 5.6200000062744945e-05
597 5.692000004273723e-05
598 5.65199999982724e-05
599 5.6579999954919914e-05
600 5.7040000001506996e-05
601 5.6660000063857295e-05
602 5.6780000022627064e-05
603 5.812000003970752e-05
604 5.719999999200809e-05
605 5.734000001211825e-05
606 5.786000006082759e-05
607 5.755999995926686e-05
608 5.754000012530014e-05
609 5.811999999423278e-05
610 5.777999999736494e-05
611 5.7859999924403385e-05
612 6.0419999999794524e-05
613 5.7960000003731696e-05
614 5.812000003970752e-05
615 5.865999996785831e-05
616 5.8380000064062186e-05
617 5.8380000018587454e-05
618 5.849999997735722e-05
619 5.857999999534513e-05
620 5.868000002919871e-05
621 5.9060000012323144e-05
622 5.891999994673824e-05
623 5.9079999982714074e-05
624 5.938000003880006e-05
625 5.9060000057797876e-05
626 5.9319999991203076e-05
627 5.9659999988070925e-05
628 5.9419999979581915e-05
629 5.945999996583851e-05
630 5.9980000014547843e-05
631 5.9740000006058834e-05
632 5.982000002404675e-05
633 6.0300000086499495e-05
634 5.993999998281652e-05
635 6.005999998706102e-05
636 6.0419999999794524e-05
637 6.026000000929344e-05
638 6.0320000056890424e-05
639 6.075999999666237e-05
640 6.049999997230771e-05
641 6.095999992794532e-05
642 6.081999995330989e-05
643 6.0660000008283534e-05
644 6.084000001465029e-05
645 6.085999993956648e-05
646 6.106000000727363e-05
647 6.145999996078899e-05
648 6.118000005699287e-05
649 6.134000000201922e-05
650 6.189999999151041e-05
651 6.149999999252031e-05
652 6.152000005386072e-05
653 6.317999996099388e-05
654 6.167999999888707e-05
655 6.17999999121821e-05
656 6.488000003628258e-05
657 6.210000001374282e-05
658 6.260000000111177e-05
659 6.219999995664694e-05
660 6.229999999050052e-05
661 6.287999999585737e-05
662 6.253999999898952e-05
663 6.250000001273293e-05
664 6.338000007417577e-05
665 6.268000001909967e-05
666 6.258000003072084e-05
667 6.312000000434637e-05
668 6.280000006881891e-05
669 6.29799999842362e-05
670 6.322000003819995e-05
671 6.31999999313848e-05
672 6.376000001182547e-05
673 6.332000002657878e-05
674 6.33799999832263e-05
675 6.4299999985451e-05
676 6.378000002769114e-05
677 6.445999997595209e-05
678 6.381999996847298e-05
679 6.393999992724276e-05
680 6.532000002152926e-05
681 6.48199999886856e-05
682 6.474000001617241e-05
683 6.427999996958534e-05
684 6.58200000088982e-05
685 6.597999995392457e-05
686 6.523999995806662e-05
687 6.468000001405016e-05
688 6.525999997393228e-05
689 6.518000000141911e-05
690 6.551999999828694e-05
691 6.572000002051937e-05
692 6.536000009873532e-05
693 6.584000002476386e-05
694 6.768000002921326e-05
695 6.647999998676823e-05
696 6.869999997434206e-05
697 6.62200000078883e-05
698 6.570000005012844e-05
699 6.60799999423034e-05
700 6.677999995190476e-05
701 6.635999998252373e-05
702 6.681999998363608e-05
703 6.739999998899293e-05
704 6.718000004184433e-05
705 6.640000001425505e-05
706 6.725999996888276e-05
707 6.736000004821107e-05
708 6.730000000061409e-05
709 6.892000001244015e-05
710 6.89199999669654e-05
711 6.83999999637308e-05
712 6.979999993745878e-05
713 7.027999999991153e-05
714 6.779999994250829e-05
715 6.834000005255803e-05
716 7.07800000327552e-05
717 7.186000002548098e-05
718 6.859999998596323e-05
719 6.952000003366266e-05
720 7.054000006974092e-05
721 7.016000004114175e-05
722 7.013999997980136e-05
723 7.063999996717029e-05
724 7.04799999766692e-05
725 7.053999997879146e-05
726 7.013999997980136e-05
727 7.224000000860542e-05
728 7.23199999811186e-05
729 7.305999997697654e-05
730 6.996000006438407e-05
731 7.273999999597436e-05
732 7.343999996010098e-05
733 7.128000006559888e-05
734 7.296000003407244e-05
735 7.455999998455809e-05
736 7.346000002144138e-05
737 7.38799999908224e-05
738 7.375999994110315e-05
739 7.420000006277405e-05
740 7.352000002356363e-05
741 7.437999997819133e-05
742 7.334000001719687e-05
743 7.385999997495673e-05
744 7.419999992634985e-05
745 7.357999998021114e-05
746 7.495999998354818e-05
747 7.538000004387868e-05
748 7.440000003953174e-05
749 7.396000000881031e-05
750 7.485999994969462e-05
751 7.441999996444792e-05
752 7.503999995606137e-05
753 7.587999998577288e-05
754 7.467999998880259e-05
755 7.692000003771682e-05
756 7.657999999537424e-05
757 7.68800000059855e-05
758 7.669999999961873e-05
759 7.689999997637643e-05
760 7.63600000027509e-05
761 7.64400000207388e-05
762 7.733999996162311e-05
763 7.717999997112202e-05
764 7.775999997647887e-05
765 7.839999993848323e-05
766 7.723999997324426e-05
767 7.745999996586762e-05
768 7.637999992766708e-05
769 7.954000002428075e-05
770 7.810000010977092e-05
771 7.717999992564727e-05
772 7.841999999982363e-05
773 7.598000001962646e-05
774 7.807999995748104e-05
775 7.860000000619039e-05
776 7.92000000274129e-05
777 7.728000000497559e-05
778 7.913999993434118e-05
779 7.821999997759121e-05
780 7.881999999881373e-05
781 7.969999992383237e-05
782 7.740000010016956e-05
783 7.913999997981591e-05
784 7.880000007389753e-05
785 8.006000002751535e-05
786 7.889999997132691e-05
787 7.872000001043488e-05
788 7.980000000316068e-05
789 7.952000005388982e-05
790 8.026000000427302e-05
791 7.995999999366177e-05
792 8.010000001377194e-05
793 7.941999992908678e-05
794 8.04599999810307e-05
795 8.052000002862769e-05
796 8.124000005409471e-05
797 8.055999996940955e-05
798 8.066000004873786e-05
799 8.099999995465623e-05
800 8.056000006035901e-05
801 8.162000003721914e-05
802 8.024000007935683e-05
803 8.252000002357817e-05
804 8.154000001923123e-05
805 8.152000000336557e-05
806 8.160000006682822e-05
807 8.21799999812356e-05
808 8.240000001933368e-05
809 8.128000008582603e-05
810 8.227999992413971e-05
811 8.192000000235566e-05
812 8.192000000235566e-05
813 8.184000002984249e-05
814 8.194000006369606e-05
815 8.231999995587103e-05
816 8.240000001933368e-05
817 8.226000004469824e-05
818 8.343999998032814e-05
819 8.211999997911334e-05
820 8.265999995273887e-05
821 8.273999997072678e-05
822 8.259999995061663e-05
823 8.303999998133804e-05
824 8.37000000046828e-05
825 8.292000006804301e-05
826 8.354000001418172e-05
827 8.347999992110999e-05
828 8.297999997921579e-05
829 8.46599999931641e-05
830 8.410000000367291e-05
831 8.430000002590532e-05
832 8.318000000144821e-05
833 8.466000003863883e-05
834 8.353999996870697e-05
835 8.585999999013438e-05
836 8.44600000164064e-05
837 8.436000002802757e-05
838 8.317999995597348e-05
839 8.499999999003193e-05
840 8.429999998043059e-05
841 8.520000001226436e-05
842 8.43799999984185e-05
843 8.560000001125445e-05
844 8.353999996870697e-05
845 8.493999998790969e-05
846 8.597999999437889e-05
847 8.488000003126217e-05
848 8.484000004500558e-05
849 8.516000002600776e-05
850 8.524000004399568e-05
851 8.54000000799715e-05
852 8.560000005672919e-05
853 8.549999997740088e-05
854 8.640000000923465e-05
855 8.505999994667945e-05
856 8.59400000081223e-05
857 8.581999991292832e-05
858 8.607999993728299e-05
859 8.578000001762121e-05
860 8.617999997113656e-05
861 8.73199999659846e-05
862 8.653999998387008e-05
863 8.603999999650114e-05
864 8.623999997325882e-05
865 8.663999997224892e-05
866 8.911999998417741e-05
867 8.674000000610249e-05
868 8.75000000178261e-05
869 8.691999996699452e-05
870 8.746000003156951e-05
871 8.739999989302306e-05
872 9.072000002561254e-05
873 8.721999997760577e-05
874 8.810000003904861e-05
875 8.735999999771593e-05
876 8.76200000220706e-05
877 8.78799999554758e-05
878 8.833999995658815e-05
879 8.85000000380387e-05
880 8.89400000232854e-05
881 8.857999996507715e-05
882 8.830000001580629e-05
883 8.860000011736701e-05
884 9.045999995578313e-05
885 8.891999991647025e-05
886 8.909999992283702e-05
887 8.819999998195271e-05
888 8.968000001914333e-05
889 8.904000001166423e-05
890 8.946000007199472e-05
891 8.923999998842192e-05
892 8.974000002126559e-05
893 9.00799999726587e-05
894 8.982000008472824e-05
895 8.901999999579857e-05
896 8.986000007098483e-05
897 8.927999992920377e-05
898 9.294000001318637e-05
899 9.052000000338012e-05
900 8.996000001388893e-05
901 8.947999995143619e-05
902 9.00600000477425e-05
903 8.936000003814115e-05
904 9.073999999600346e-05
905 8.953999995355843e-05
906 9.031999993567297e-05
907 0.00010419999998703133
908 9.025999997902545e-05
909 9.180000001833833e-05
910 9.068000003935595e-05
911 9.072000002561254e-05
912 9.020000002237793e-05
913 9.062000008270843e-05
914 9.170000002995948e-05
915 9.1999999995096e-05
916 9.112000002460263e-05
917 9.20200000564364e-05
918 9.15400000394584e-05
919 9.192000002258282e-05
920 9.107999994739657e-05
921 9.163999993688776e-05
922 9.183999991364544e-05
923 9.20399999813526e-05
924 9.16399999823625e-05
925 9.169999989353528e-05
926 9.575999997650797e-05
927 9.215999994012236e-05
928 9.216000003107184e-05
929 9.164000002783723e-05
930 9.325999999418855e-05
931 9.237999997822044e-05
932 9.219999992637895e-05
933 9.265999997296604e-05
934 9.22799999898416e-05
935 9.259999997084379e-05
936 9.320000003754103e-05
937 9.280000008402567e-05
938 9.358000002066547e-05
939 9.284000002480752e-05
940 9.39399999424495e-05
941 9.247999996659928e-05
942 9.322000009888143e-05
943 9.329999998044513e-05
944 9.422000002814456e-05
945 9.317999997620064e-05
946 9.458000004087807e-05
947 9.464000004300033e-05
948 9.4600000011269e-05
949 9.50000000102591e-05
950 9.408000005350914e-05
951 9.535999997751787e-05
952 9.465999996791652e-05
953 9.547999998176238e-05
954 9.42199999371951e-05
955 9.517999997115112e-05
956 9.4840000019758e-05
957 9.529999997539562e-05
958 9.51200000145036e-05
959 9.553999998388463e-05
960 9.474000003137917e-05
961 9.516000000076019e-05
962 9.525999998913904e-05
963 9.581999997863023e-05
964 9.53000000663451e-05
965 9.590000004209288e-05
966 9.605999998711923e-05
967 9.608000013940909e-05
968 9.568000004946952e-05
969 9.600000003047171e-05
970 9.57600000219827e-05
971 9.582000002410496e-05
972 9.655999997448816e-05
973 9.639999998398708e-05
974 9.662000002208515e-05
975 9.65600000199629e-05
976 9.725999998408952e-05
977 9.697999998934393e-05
978 9.655999997448816e-05
979 9.759999998095736e-05
980 9.700000000520959e-05
981 9.752000000844419e-05
982 9.950000003300374e-05
983 9.706000000733183e-05
984 9.764000001268868e-05
985 9.76000000264321e-05
986 9.754000002430985e-05
987 9.758000001056644e-05
988 9.779999995771505e-05
989 9.749999999257853e-05
990 9.719999993649254e-05
991 9.76000000264321e-05
992 9.816000001592329e-05
993 9.817999994083948e-05
994 9.854000004452245e-05
995 9.844000005614362e-05
996 9.846000002653455e-05
997 9.827999992921832e-05
998 9.786000000531204e-05
999 9.852000007413154e-05
1000 9.823999998843646e-05
1001 9.884000000965898e-05
1002 9.905999995680758e-05
1003 9.917999996105209e-05
1004 9.951999995791994e-05
1005 9.891999993669743e-05
1006 9.930000001077133e-05
1007 9.972000002562708e-05
1008 0.00011455999997451727
1009 0.00010379999998804124
1010 0.00010013999999500812
1011 0.00010132000002158748
1012 9.946000000127242e-05
1013 0.0001008199999887438
1014 0.0001005399999939982
1015 0.00010040000006483751
1016 0.0001008199999887438
1017 0.00010072000000036497
1018 0.0001026599999931932
1019 0.00010025999999925261
1020 0.00010259999999107094
1021 0.00010105999995175807
1022 0.0001014799999211391
1023 0.00010184000002482208
1024 0.00010051999997813254
1025 0.0001012599999739905
1026 0.00010143999998035724
1027 0.00010157999995499267
1028 0.00010189999993599485
1029 0.00010132000006706221
1030 0.00010210000000370201
1031 0.000101319999930638
1032 0.00010240000001431327
1033 0.00010195999993811711
1034 0.00010147999996661383
1035 0.00010331999997106322
1036 0.00010163999995711492
1037 0.00010378000006312504
1038 0.00010148000001208857
1039 0.00010283999995408521
1040 0.00010222000005342125
1041 0.0001029199999265984
1042 0.00010230000002593442
1043 0.00010266000003866793
1044 0.00010262000005241134
1045 0.00010175999996135943
1046 0.00010363999999754014
1047 0.00010205999997197069
1048 0.00010387999991507968
1049 0.00010378000001765031
1050 0.00010369999999966239
1051 0.00010369999999966239
1052 0.0001038400000652473
1053 0.00010348000000703905
1054 0.00010417999997116567
1055 0.00010332000001653797
1056 0.0001043400000071415
1057 0.00010391999999228573
1058 0.0001048600000103761
1059 0.00010389999997642007
1060 0.00010490000008758215
1061 0.00010649999994711834
1062 0.00010378000001765031
1063 0.00010726000000431668
1064 0.0001048600000103761
1065 0.0001040799999373121
1066 0.00010480000000825384
1067 0.00010400000005574838
1068 0.00010556000001997745
1069 0.0001048399999490357
1070 0.00010640000000421424
1071 0.00010570000004008761
1072 0.00010581999995338265
1073 0.00010543999997025821
1074 0.00010563999999249062
1075 0.00010631999998622632
1076 0.00010621999999784748
1077 0.00010474000009708107
1078 0.00010610000003907771
1079 0.00010520000000724394
1080 0.00010727999997470761
1081 0.00010649999999259307
1082 0.00010632000007717579
1083 0.00010671999998521642
1084 0.00010595999997349281
1085 0.00010712000002968125
1086 0.0001076799999736977
1087 0.00010624000001371314
1088 0.0001066799999534851
1089 0.00010624000001371314
1090 0.0001075800000307936
1091 0.00010693999997783976
1092 0.00010726000000431668
1093 0.00010726000000431668
1094 0.00010748000004241476
1095 0.00010749999992185622
1096 0.0001085999999759224
1097 0.00010753999999906228
1098 0.00010884000002988614
1099 0.000107060000027559
1100 0.00010921999996753584
1101 0.0001088600000457518
1102 0.00010781999999380787
1103 0.00010909999996329134
1104 0.00010793999995257763
1105 0.0001083599999674334
1106 0.0001087400000415073
1107 0.00010843999993994657
1108 0.00010854000001927488
1109 0.00010896000007960538
1110 0.00010900000002038724
1111 0.00011093999996774073
1112 0.00010784000005514827
1113 0.00010888000006161746
1114 0.00010967999996864819
1115 0.00010918000002675398
1116 0.00010956000000987842
1117 0.00010968000001412292
1118 0.0001092799999696581
1119 0.00010973999997077044
1120 0.00010980000001836743
1121 0.00010917999998127925
1122 0.00010977999995702703
1123 0.00010932000004686415
1124 0.0001099400000384776
1125 0.0001095400000394875
1126 0.00011097999995399733
1127 0.00011024000000361411
1128 0.00010958000002574409
1129 0.0001204799999413808
1130 0.0001113400000576803
1131 0.00010996000000886851
1132 0.0001109199999973498
1133 0.0001103000000512111
1134 0.00011091999995187507
1135 0.00011343999999553489
1136 0.00011086000004070228
1137 0.00011127999991913384
1138 0.00011092000004282454
1139 0.00011045999995076272
1140 0.00011113999994449841
1141 0.0001106799999888608
1142 0.00011154000007991271
1143 0.00011173999996572093
1144 0.00011128000005555805
1145 0.00011257999999543244
1146 0.00011263999995207996
1147 0.00011202000000594125
1148 0.00011269999999967695
1149 0.00011140000005980256
1150 0.00011243999997532229
1151 0.00011186000001544017
1152 0.00011188000003130583
1153 0.0001127600000017992
1154 0.00011307999989185191
1155 0.00011161999996147642
1156 0.0001162199999725999
1157 0.00011388000002625631
1158 0.0001134000000092783
1159 0.00011575999997148756
1160 0.0001135400000748632
1161 0.00011257999994995771
1162 0.00011371999999028048
1163 0.00011359999998603599
1164 0.00011395999995329475
1165 0.00011416000002100191
1166 0.00011322000000291155
1167 0.00011519999998199637
1168 0.0001140400000167574
1169 0.00011313999998492363
1170 0.0001144800000020041
1171 0.00011467999997876177
1172 0.00011319999998704589
1173 0.000114320000011503
1174 0.00011441999999988184
1175 0.00011543999999048537
1176 0.00011459999991529912
1177 0.000114320000011503
1178 0.00011506000005283568
1179 0.00011547999997674196
1180 0.00011460000000624859
1181 0.00011518000001160544
1182 0.00011455999997451727
1183 0.0001154400000359601
1184 0.0001240399999460351
1185 0.000116139999954612
1186 0.00011522000004333676
1187 0.00011494000000311644
1188 0.00011609999996835541
1189 0.00011557999996512081
1190 0.0001152400000137277
1191 0.00011611999998422107
1192 0.0001161200000296958
1193 0.0001170800000181771
1194 0.00011529999997037522
1195 0.00011635999999271007
1196 0.00011725999997906911
1197 0.00011605999998209882
1198 0.00011692000007315073
1199 0.00011705999991136195
1200 0.0001161200000296958
1201 0.0001180599999770493
1202 0.00011795999998867046
1203 0.00011671999995996885
1204 0.00011700000009113864
1205 0.00011914000001524982
1206 0.000117160000036165
1207 0.00011810000000878063
1208 0.00011810000000878063
1209 0.00011775999992096331
1210 0.00011815999996542815
1211 0.00012257999997018488
1212 0.00011746000000130152
1213 0.0001185799998438597
1214 0.00011736000005839742
1215 0.00011864000007335562
1216 0.00011792000004788861
1217 0.00011787999997068255
1218 0.00011804000000665837
1219 0.00011890000005223555
1220 0.0001188199999887729
1221 0.00011767999999392486
1222 0.00011788000001615729
1223 0.00011857999993480917
1224 0.00011783999998442596
1225 0.000118739999970785
1226 0.00011813999999503722
1227 0.00011785999995481689
1228 0.0001227799999924173
1229 0.00012011999997412204
1230 0.00011874000001625973
1231 0.00011926000001949433
1232 0.00011961999994127836
1233 0.00011981999996351078
1234 0.00011968000003435009
1235 0.00011987999996563304
1236 0.00011954000010518939
1237 0.0001317599999765662
1238 0.00012624000000869274
1239 0.00012128000003031048
1240 0.00011952000004384899
1241 0.00012093999994249316
1242 0.00012035999998261104
1243 0.00012039999996886764
1244 0.00012089999995623657
1245 0.0001203999999233929
1246 0.00012011999997412204
1247 0.00012200000010125223
1248 0.00012083999995411432
1249 0.00012150000002293382
1250 0.0001246399999672576
1251 0.00012095999995835882
1252 0.00012145999999120249
1253 0.000121339999986958
1254 0.00012167999998382583
1255 0.00012171999992460769
1256 0.00012091999997210223
1257 0.0001215600000705308
1258 0.00012224000006426649
1259 0.00012144000002081156
1260 0.00012310000010984368
1261 0.00012163999995209451
1262 0.00012573999997584907
1263 0.0001248200000190991
1264 0.0001287400000364869
1265 0.00012321999993218923
1266 0.00012225999998918268
1267 0.0001227999999628082
1268 0.0001229800000146497
1269 0.00012223999997331702
1270 0.00012332000005699228
1271 0.00012544000005618728
1272 0.00012308000000302855
1273 0.00012350000001788431
1274 0.00012431999998625544
1275 0.00012336000004324886
1276 0.00012380000002849557
1277 0.00012405999996190076
1278 0.0001237200001014571
1279 0.0001237600000877137
1280 0.00012429999992491503
1281 0.00012409999999363208
1282 0.0001238199999988865
1283 0.00012509999996836995
1284 0.00012385999998514307
1285 0.00013138000003891647
1286 0.0001245000000380969
1287 0.00012445999996089086
1288 0.00012461999995139195
1289 0.0001257800000075804
1290 0.0001258799999959592
1291 0.0001257400000213238
1292 0.00012527999992926198
1293 0.0001279800000247633
1294 0.0001258600000255683
1295 0.00012596000001394714
1296 0.00012557999993987324
1297 0.00012624000000869274
1298 0.0001256799999737268
1299 0.00012568000006467627
1300 0.0001259800000298128
1301 0.00012627999999494932
1302 0.00012543999996523781
1303 0.00012552000002870046
1304 0.00012625999997908365
1305 0.00012707999994745477
1306 0.00012649999998757267
1307 0.0001272200000585144
1308 0.00012996000000384811
1309 0.00012645999995584135
1310 0.00012642000001505949
1311 0.00012598000007528752
1312 0.00012709999991784572
1313 0.00012641999996958474
1314 0.00012907999994240526
1315 0.00012811999999939871
1316 0.00012750000000778529
1317 0.00012716000001091742
1318 0.00012786000002051878
1319 0.0001271000000542699
1320 0.0001273799999125913
1321 0.00012678000007326773
1322 0.00012775999998666522
1323 0.0001274800000828691
1324 0.00012792000002264102
1325 0.00012851999999838882
1326 0.0001285599999846454
1327 0.0001269000000320375
1328 0.00012900000001536682
1329 0.00012852000008933828
1330 0.00012821999994230281
1331 0.0001283800000237534
1332 0.00012837999997827865
1333 0.0001290600000629638
1334 0.00012825999997403414
1335 0.00013010000002395828
1336 0.00012922000000799018
1337 0.00012939999996888218
1338 0.00012907999998788
1339 0.00012897999999950116
1340 0.00012971999994988438
1341 0.00012890000002698798
1342 0.00012885999999525665
1343 0.00012940000001435692
1344 0.0001294600000619539
1345 0.00012943999995513878
1346 0.00013040000003456954
1347 0.00012925999999424675
1348 0.0001291600000058679
1349 0.0001288799999656476
1350 0.00012988000003133493
1351 0.0001304200000504352
1352 0.00012994000003345717
1353 0.0001300200000514451
1354 0.0001303200000165816
1355 0.0001323200000115321
1356 0.0001303199999711069
1357 0.00013040000003456954
1358 0.0001303999999890948
1359 0.00013137999999344175
1360 0.00013095999997858598
1361 0.0001308800000060728
1362 0.00013162000000193074
1363 0.00013017999999647144
1364 0.00013165999998818734
1365 0.00013198000001466426
1366 0.00013176000006751565
1367 0.00013116000004629314
1368 0.00013107999993735575
1369 0.00013202000000092084
1370 0.00013169999997444392
1371 0.00013194000002840766
1372 0.00013219999996181287
1373 0.0001326599999629252
1374 0.00013161999995645602
1375 0.00013238000001365436
1376 0.0001340000000254804
1377 0.00013235999995231396
1378 0.00013234000002739776
1379 0.0001328199999534263
1380 0.00013221999997767853
1381 0.00013269999999465654
1382 0.00013297999998940213
1383 0.00013257999999041203
1384 0.00013388000006671065
1385 0.0001328000001194596
1386 0.00013346000000638014
1387 0.00013195999995332385
1388 0.00013858000002073823
1389 0.0001343799999631301
1390 0.00013441999999486143
1391 0.00013331999998626997
1392 0.00013375999997151667
1393 0.0001338800000212359
1394 0.00013472000005094743
1395 0.00013420000000223807
1396 0.00013710000007449707
1397 0.00013509999994312238
1398 0.00013530000005630428
1399 0.00013491999998223038
1400 0.00013441999999486143
1401 0.0001335199999175529
1402 0.00013434000002234824
1403 0.0001355399999738438
1404 0.0001352199999473669
1405 0.00013510000003407184
1406 0.00013526000002457296
1407 0.00013493999999809604
1408 0.00013469999998960702
1409 0.00013478000000759492
1410 0.00013564000000769737
1411 0.00014002000002619753
1412 0.00013664000002790999
1413 0.00013635999998768967
1414 0.00013635999998768967
1415 0.00013931999997112142
1416 0.00013539999999920838
1417 0.0001361799999813229
1418 0.00014496000003418885
1419 0.0001374400000713649
1420 0.00013772000002063579
1421 0.00013639999997394625
1422 0.0001376599999730388
1423 0.00013681999998880202
1424 0.00013740000003963359
1425 0.00013683999995919293
1426 0.00013686000002053334
1427 0.00013758000004600036
1428 0.00013754000001426904
1429 0.00013783999997940555
1430 0.00013625999999931083
1431 0.00013762000003225694
1432 0.00013769999995929538
1433 0.00014678000002277258
1434 0.00013702000001103443
1435 0.00014102000009188486
1436 0.00013761999989583273
1437 0.00013811999997415114
1438 0.00013871999999537366
1439 0.0001379399999677844
1440 0.00013738000006924267
1441 0.00013779999999314897
1442 0.0001385600000503473
1443 0.00013823999997839565
1444 0.00013807999994241982
1445 0.00013887999994040002
1446 0.0001389999999446445
1447 0.00013905999994676677
1448 0.00013814000003549155
1449 0.00013970000004519533
1450 0.00013875999998163023
1451 0.0001386000000366039
1452 0.0001390999999784981
1453 0.0001388399999086687
1454 0.0001406200000019453
1455 0.00013925999992352444
1456 0.00014769999997952255
1457 0.00014003999999658844
1458 0.00014018000001669861
1459 0.00013961999998173268
1460 0.00014016000000083295
1461 0.0001403400000071997
1462 0.00013968000002932967
1463 0.00014000000001033187
1464 0.00014026000003468652
1465 0.00014064000001781096
1466 0.00014115999997557082
1467 0.00014117999999143648
1468 0.00013989999993100355
1469 0.00014023999997334614
1470 0.0001410399999258516
1471 0.00014055999999982305
1472 0.00014059999998607963
1473 0.00014071999999032414
1474 0.00014365999995789026
1475 0.0001424600000063947
1476 0.0001409400000284222
1477 0.0001501799999459763
1478 0.00014166000005388923
1479 0.00014096000004428788
1480 0.00014205999996192987
1481 0.00014172000005601148
1482 0.00014237999994293205
1483 0.00014238000007935626
1484 0.00014249999999265127
1485 0.00014317999998638697
1486 0.00014163999999254883
1487 0.0001427599999715312
1488 0.00014259999998103012
1489 0.0001419999999598076
1490 0.0001426400000582362
1491 0.0001427000000148837
1492 0.00014248000002226036
1493 0.0001445800000510644
1494 0.00014365999995789026
1495 0.0001434399999652669
1496 0.0001436399999874993
1497 0.00014280000000326253
1498 0.00014252000000851693
1499 0.0001435599999695114
1500 0.00014418000000659958
1501 0.00014415999999073392
1502 0.0001435400000445952
1503 0.00014380000002347514
1504 0.00014441999996961385
1505 0.00014494000001832318
1506 0.00014414000006581773
1507 0.00014401999997062375
1508 0.00014430000010179356
1509 0.00014501999994536162
1510 0.00014402000006157322
1511 0.0001467999999931635
1512 0.00014465999997810287
1513 0.0001449000000320666
1514 0.00014478000007329684
1515 0.00014556000000993664
1516 0.00014520000004267786
1517 0.00014489999998659186
1518 0.00014513999999508088
1519 0.00014492000000245752
1520 0.00014455999998972402
1521 0.00014544000000569213
1522 0.0001454799999919487
1523 0.0001457599999412196
1524 0.00014599999999518332
1525 0.00014578000000255997
1526 0.00014590000000680448
1527 0.00014604000002691465
1528 0.00014593999999306105
1529 0.00014613999996981875
1530 0.00014757999997527804
1531 0.00014609999998356217
1532 0.00014676000000690692
1533 0.0001460600000427803
1534 0.00014605999999730556
1535 0.00014602000001104898
1536 0.0001466599999275786
1537 0.00014704000004712726
1538 0.0001463599999624421
1539 0.00014708000007885859
1540 0.00014642000001003909
1541 0.0001465800000460149
1542 0.00014731999990544865
1543 0.00014665999988210386
1544 0.00014746000001650828
1545 0.0001474999999118154
1546 0.00014814000001024398
1547 0.00014770000002499727
1548 0.00014935999997760517
1549 0.00014821999998275713
1550 0.00014791999997214588
1551 0.00014792000001762062
1552 0.00014822000002823188
1553 0.0001478799999858893
1554 0.00014873999998599174
1555 0.00014813999996476923
1556 0.00014888000005157663
1557 0.0001483999999891239
1558 0.00014984000008553267
1559 0.00014873999998599174
1560 0.00014944000004106782
1561 0.0001485799999500159
1562 0.00014902000002621208
1563 0.00014833999998700164
1564 0.00014891999990140903
1565 0.00014902000002621208
1566 0.0001500199999554752
1567 0.0001496599999427417
1568 0.00014946000001145877
1569 0.0001496999999289983
1570 0.00014921999991202028
1571 0.0001489599999786151
1572 0.00014982000002419226
1573 0.00014991999996709636
1574 0.00014973999996072961
1575 0.0001501199999893288
1576 0.0001496200000474346
1577 0.0001505600000200502
1578 0.00015037999996820873
1579 0.00015013999995971972
1580 0.00015092000007825844
1581 0.00015019999996184196
1582 0.00015066000000842905
1583 0.0001510000000052969
1584 0.00015119999998205457
1585 0.00015103999999155349
1586 0.00015131999998629908
1587 0.00015086000003066146
1588 0.00015158000001065376
1589 0.00015992000003279828
1590 0.0001518400000350084
1591 0.000151159999995798
1592 0.00015239999997902488
1593 0.00015158000001065376
1594 0.0001523399999314279
1595 0.00015222000001813285
1596 0.00015210000001388834
1597 0.00015217999998640153
1598 0.00015210000001388834
1599 0.00015250000001287844
1600 0.00015364000005320123
1601 0.00015458000002581683
1602 0.00015214000000014495
1603 0.0001529200000277342
1604 0.00015359999997599516
1605 0.0001526199999716482
1606 0.00015320000006795452
1607 0.0001533200000267243
1608 0.00015202000004137516
1609 0.00015270000003511086
1610 0.00015344000007644354
1611 0.0001532999999653839
1612 0.0001531799999611394
1613 0.000153279999994993
1614 0.00015345999991041027
1615 0.00015383999993900943
1616 0.00015352000000348198
1617 0.00015411999997922977
1618 0.00015355999998973858
1619 0.00015524000000368687
1620 0.00015427999996973086
1621 0.00015483999995922205
1622 0.00015443999996023194
1623 0.0001538400000299589
1624 0.00015381999992314377
1625 0.00015508000001318578
1626 0.00015456000000995117
1627 0.00015455999996447645
1628 0.0001550000000406726
1629 0.00015575999996144673
1630 0.00015484000000469677
1631 0.00015499999994972313
1632 0.00015514000001530802
1633 0.00015579999999317806
1634 0.0001553599999169819
1635 0.0001552999999603344
1636 0.00015710000002400193
1637 0.00015515999998569897
1638 0.00015474000001631795
1639 0.00015640000001440057
1640 0.00015551999995295774
1641 0.00015604000000166707
1642 0.00015588000001116599
1643 0.00015579999999317806
1644 0.00015585999999530032
1645 0.00015613999994457117
1646 0.00015674000005674315
1647 0.0001564599999710481
1648 0.00015630000007149647
1649 0.00015715999998064945
1650 0.00015690000004724424
1651 0.00015847999998186424
1652 0.00015663999997741484
1653 0.00015839999996387634
1654 0.00015628000001015606
1655 0.00015746000008221017
1656 0.0001571399999647838
1657 0.00015709999993305246
1658 0.00015634000001227833
1659 0.00015778000001773763
1660 0.00015775999995639722
1661 0.00015769999990880023
1662 0.0001574399999299203
1663 0.00015772000001561536
1664 0.00015784000001985987
1665 0.00015769999995427498
1666 0.00015791999999237305
1667 0.00015853999998398648
1668 0.00015872000003582797
1669 0.00015773999994053156
1670 0.0001599400000031892
1671 0.0001587199999448785
1672 0.00015837999994801067
1673 0.00015931999996610102
1674 0.00015922000002319692
1675 0.00015934000002744143
1676 0.00015891999996711092
1677 0.00015911999998934333
1678 0.00015815999995538732
1679 0.00015899999998509885
1680 0.0001595400000041991
1681 0.00016019999993659438
1682 0.00015923999994811312
1683 0.00015939999998408893
1684 0.00015984000001481035
1685 0.00015992000003279828
1686 0.0001606399999673158
1687 0.0001619600000594801
1688 0.00016006000005290842
1689 0.00015972000001056584
1690 0.0001603200000772631
1691 0.00016034000004765402
1692 0.00016040000000430154
1693 0.00016030000006139744
1694 0.0001607999999578169
1695 0.0001608999999916705
1696 0.00016121999997267266
1697 0.00016142000004037982
1698 0.00016107999999803724
1699 0.00016081999997368256
1700 0.00016143999996529602
1701 0.0001624799999717652
1702 0.00016112000002976856
1703 0.0001607999999578169
1704 0.0001756199999817909
1705 0.00016230000001087318
1706 0.00016243999998550863
1707 0.00016135999999278283
1708 0.0001621400000203721
1709 0.00016202000001612759
1710 0.00016209999994316605
1711 0.00016187999999601744
1712 0.00016231999998126412
1713 0.00016239999999925203
1714 0.00016230000001087318
1715 0.00016333999997186766
1716 0.00016277999993690172
1717 0.00016309999991790392
1718 0.00016286000009131386
1719 0.00016288000006170478
1720 0.00016510000000380387
1721 0.00016225999997914186
1722 0.00016329999994013633
1723 0.0001633999999739899
1724 0.0001632200000130979
1725 0.00016310000009980285
1726 0.00016350000009879295
1727 0.00016321999996762315
1728 0.0001635000000533182
1729 0.00016396000000895583
1730 0.00016451999999844702
1731 0.0001637000000300759
1732 0.0001644999999371066
1733 0.00016412000004493166
1734 0.00016436000000794593
1735 0.0001636799999687355
1736 0.0001636399999824789
1737 0.0001646600000185572
1738 0.00016503999995620688
1739 0.0001645000000280561
1740 0.00016452000004392177
1741 0.00016479999999319261
1742 0.0001640600000428094
1743 0.00016412000004493166
1744 0.00016521999996257363
1745 0.00016561999996156374
1746 0.00016606000003775988
1747 0.00016513999999006045
1748 0.00016503999995620688
1749 0.0001657799999065901
1750 0.00016529999998056156
1751 0.00016505999997207255
1752 0.00016573999996580824
1753 0.00016767999995863646
1754 0.0001665800000409945
1755 0.00016684000001987442
1756 0.00016570000002502638
1757 0.000166940000053728
1758 0.00016583999990871234
1759 0.00016672000006110466
1760 0.00016613999996479835
1761 0.0001667999999881431
1762 0.00016652000008434697
1763 0.0001662399999986519
1764 0.00016804000006231945
1765 0.00016758000001573236
1766 0.00016786000001047796
1767 0.00016724000001886453
1768 0.0001681600000210892
1769 0.0001678600000559527
1770 0.00018090000007759955
1771 0.00016762000000198897
1772 0.00016778000003796477
1773 0.00017263999998249347
1774 0.00016924000005928973
1775 0.00017254000003958937
1776 0.00016735999993215954
1777 0.00016869999994924002
1778 0.00016875999995136226
1779 0.0001684400000158348
1780 0.00016913999997996142
1781 0.00016831999996611558
1782 0.00018988000006174842
1783 0.00017026000000441854
1784 0.00016822000002321148
1785 0.00017161999999188994
1786 0.0001713399999516696
1787 0.00017029999999067512
1788 0.00016894000000320376
1789 0.00016856000002007931
1790 0.0001682600000549428
1791 0.0001691000000391796
1792 0.0001691200000095705
1793 0.00016954000002442627
1794 0.00016974000004665868
1795 0.00016993999997794162
1796 0.00017029999999067512
1797 0.0001699799999641982
1798 0.00017026000000441854
1799 0.00016904000008253207
1800 0.00017291999997723906
1801 0.00017026000000441854
1802 0.00017023999998855288
1803 0.00017133999999714434
1804 0.00017048000004251662
1805 0.00017067999997379956
1806 0.0001695399999334768
1807 0.00017050000001290756
1808 0.00018218000000160827
1809 0.00016965999998319603
1810 0.0001721999999972468
1811 0.00017083999996430065
1812 0.00017183999998451326
1813 0.000171539999973902
1814 0.00017133999999714434
1815 0.00017168000003948692
1816 0.0001746000000366621
1817 0.00017244000005121052
1818 0.00017216000005646493
1819 0.00017287999999098246
1820 0.00017254000003958937
1821 0.0001713599999220605
1822 0.00017254000003958937
1823 0.00017211999993378414
1824 0.0001723000000765751
1825 0.0001730800000132149
1826 0.0001774399999248999
1827 0.0001726800000596995
1828 0.00017247999999199238
1829 0.00017281999998886022
1830 0.00017244000005121052
1831 0.00017491999997218955
1832 0.00017388000001119507
1833 0.00017318000000159371
1834 0.00017291999997723906
1835 0.00017310000002908056
1836 0.00017315999998572805
1837 0.00017287999999098246
1838 0.00017312000004494622
1839 0.00017438000004403874
1840 0.00017321999994237557
1841 0.0001738000000386819
1842 0.00017355999993924344
1843 0.00017439999992348022
1844 0.00017991999998230314
1845 0.0001749399999880552
1846 0.00017474000001129752
1847 0.00017652000001362468
1848 0.0001742400000239286
1849 0.00017415999986951646
1850 0.0001768999999967491
1851 0.00017475999989073897
1852 0.00017597999994904966
1853 0.00017454000003453985
1854 0.0001736800000344374
1855 0.00017602000002625573
1856 0.00017697999996926228
1857 0.00017560000001139996
1858 0.00017456000005040552
1859 0.00017465999999330962
1860 0.00017929999999068968
1861 0.00017542000000503322
1862 0.00017804000008254662
1863 0.0001759799999945244
1864 0.00017599999996491532
1865 0.00017542000000503322
1866 0.00017609999995329417
1867 0.0001766200000020035
1868 0.00017603999999664665
1869 0.00017623999997340434
1870 0.0001768999999967491
1871 0.00017675999997663895
1872 0.00017586000003575464
1873 0.000177220000023226
1874 0.0001766599999882601
1875 0.00017708000004859059
1876 0.00017622000000301342
1877 0.0001771199999438977
1878 0.00017826000002969523
1879 0.00017733999993652105
1880 0.00017750000006344635
1881 0.0001776800000698131
1882 0.00017737999996825238
1883 0.0001768999999967491
1884 0.00017763999999260706
1885 0.00017760000000635045
1886 0.00017739999998411804
1887 0.0001785800000106974
1888 0.00017737999996825238
1889 0.00017885999995996825
1890 0.00017795999997360923
1891 0.00017749999997249689
1892 0.00017892000000756524
1893 0.00017972000000554544
1894 0.00017967999997381412
1895 0.00017954000004465341
1896 0.0001783800000339397
1897 0.0001789599999483471
1898 0.00017823999992288008
1899 0.000178799999957846
1900 0.00017892000000756524
1901 0.00017914000004566334
1902 0.00017862000004242873
1903 0.00017929999999068968
1904 0.00017935999999281195
1905 0.00017984000005526467
1906 0.00017905999993672594
1907 0.00017895999999382184
1908 0.00018160000004172617
1909 0.00017945999998119077
1910 0.00018002000006163145
1911 0.00018140000001949376
1912 0.00017958000003091002
1913 0.0001810799999475421
1914 0.00018020000002252345
1915 0.00018056000003525697
1916 0.00019449999995231338
1917 0.00018191999997725362
1918 0.0001812600000448583
1919 0.00018180000001848383
1920 0.00018190000000686268
1921 0.00018142000003535942
1922 0.00018162000001211708
1923 0.00018425999996907194
1924 0.00018156000000999484
1925 0.0001817799999116687
1926 0.00018193999999311928
1927 0.00018200000004071627
1928 0.00018163999998250803
1929 0.00018239999999423163
1930 0.0001820600000428385
1931 0.00018202000001110719
1932 0.00018264000000272062
1933 0.00018294000005880662
1934 0.0001820400000724476
1935 0.00018285999999534397
1936 0.0001833199999964563
1937 0.00018180000001848383
1938 0.00018450000011398514
1939 0.00018307999994249258
1940 0.00018397999997432635
1941 0.00018281999996361264
1942 0.00018315999991500576
1943 0.0001835999999912019
1944 0.00018357999997533624
1945 0.00018326000013075828
1946 0.0001844999999320862
1947 0.00018334000005779672
1948 0.0001835000000482978
1949 0.00018404000002192333
1950 0.00018394000007901923
1951 0.00018322000000807747
1952 0.00018473999998604995
1953 0.0001842600000145467
1954 0.0001839800000198011
1955 0.00018383999999969092
1956 0.0001846599999225873
1957 0.00018444000002091344
1958 0.0001842799999849376
1959 0.00018487999996068537
1960 0.0001845399999183428
1961 0.00018541999997978564
1962 0.00018576000006760297
1963 0.00018546000001151697
1964 0.0001840999999330961
1965 0.00018460000001141452
1966 0.00018460000001141452
1967 0.0001870199999302713
1968 0.00018513999998504005
1969 0.0001859200000126293
1970 0.00018465999996806204
1971 0.00018598000001475158
1972 0.0001859199999671546
1973 0.00018602000000100816
1974 0.000185639999972409
1975 0.00018503999995118648
1976 0.00018637999996826693
1977 0.00018600000007609196
1978 0.00018621999997776585
1979 0.00018645999998625484
1980 0.000185819999933301
1981 0.00018827999992936383
1982 0.000186299999950279
1983 0.00018742000002021087
1984 0.00018603999997139907
1985 0.00018723999996836938
1986 0.00018671999996513477
1987 0.00018672000001060952
1988 0.00018803999996634956
1989 0.00018772000003082213
1990 0.0001874599999609927
1991 0.00018800000002556773
1992 0.00018768000004456553
1993 0.0001888400000098045
1994 0.00018797999996422732
1995 0.00018746000000646745
1996 0.00018993999997292122
1997 0.00018725999998423504
1998 0.00018744000003607654
1999 0.0001883200000065699
2000 0.0001876599999377504
