1 5.99995837546885e-07
2 2.220002352260053e-06
3 2.5800050934776665e-06
4 3.5000033676624297e-06
5 4.740001168102026e-06
6 5.699999746866524e-06
7 7.599999662488699e-06
8 8.319999324157834e-06
9 9.079996380023658e-06
10 1.0639996617101133e-05
11 1.3120000949129462e-05
12 1.4440002269111574e-05
13 1.5100004384294153e-05
14 1.7319995095022023e-05
15 1.8239999189972877e-05
16 1.9520000205375253e-05
17 2.117999829351902e-05
18 2.253999700769782e-05
19 2.535999519750476e-05
20 2.65999959083274e-05
21 2.68400035565719e-05
22 2.9700002050958575e-05
23 3.166000242345035e-05
24 3.330000326968729e-05
25 3.374000079929829e-05
26 3.690000157803297e-05
27 3.8700003642588854e-05
28 4.072000156156719e-05
29 4.12399967899546e-05
30 4.3019995791837574e-05
31 4.4159998651593924e-05
32 4.8480002442374824e-05
33 5.031999316997826e-05
34 5.18000015290454e-05
35 5.293999856803566e-05
36 6.27799949143082e-05
37 5.6020001647993925e-05
38 6.07599999057129e-05
39 6.111999391578138e-05
40 6.426000327337533e-05
41 6.242000381462276e-05
42 0.00011715999862644821
43 6.936000136192888e-05
44 8.13000020571053e-05
45 6.711999885737896e-05
46 7.044000085443258e-05
47 7.838000310584902e-05
48 7.385999779216946e-05
49 9.345999860670418e-05
50 7.871999987401068e-05
51 7.987999997567385e-05
52 8.851999591570347e-05
53 8.526000019628554e-05
54 9.288000292144716e-05
55 8.647999784443528e-05
56 9.687999845482409e-05
57 9.10999980987981e-05
58 9.960000461433083e-05
59 9.853999654296786e-05
60 0.0001265600003534928
61 9.950000094249845e-05
62 0.00010888000251725316
63 0.00010201999975834042
64 0.0001111400022637099
65 0.0001073799969162792
66 0.00011487999290693551
67 0.00011935999791603535
68 0.00011358000047039241
69 0.00013403999910224229
70 0.00011740000045392662
71 0.00012670000141952188
72 0.0001366000040434301
73 0.00012554000131785869
74 0.00012938000145368278
75 0.00013226000301074236
76 0.0001278200012166053
77 0.0001558799936901778
78 0.00014013999898452312
79 0.00013656000082846732
80 0.00014740000187885016
81 0.00014572000072803347
82 0.00014487999433185906
83 0.00014553999935742467
84 0.00017748000100255014
85 0.00015488000062759965
86 0.00015642000362277032
87 0.0001550799992401153
88 0.00016277999966405333
89 0.00016476000018883497
90 0.00018834000220522285
91 0.00016446000081487
92 0.00017496000218670816
93 0.0001651799975661561
94 0.00017506000003777444
95 0.0001771000010194257
96 0.00020120000117458404
97 0.00018196000019088387
98 0.00018299999937880783
99 0.0001873800007160753
100 0.00018327999860048294
101 0.00021044000168330969
102 0.00018844000005628913
103 0.000194980000378564
104 0.0002020399959292263
105 0.00019406000210437925
106 0.0002306800044607371
107 0.00020821999351028353
108 0.0002186400000937283
109 0.00020764000073540955
110 0.00021102000027894974
111 0.00023145999875850976
112 0.000215719998232089
113 0.0002216000051703304
114 0.00021497999841812998
115 0.00022037999879103153
116 0.00024231999996118247
117 0.00024625999794807284
118 0.00024191999982576818
119 0.00023063999833539128
120 0.0002655799995409325
121 0.000271279999287799
122 0.0002559599990490824
123 0.0002700599958188832
124 0.0003008600004250184
125 0.0002651400049217045
126 0.0002391800022451207
127 0.0002562799985753372
128 0.00027997999859508127
129 0.0002627399982884526
130 0.0002683800004888326
131 0.00026775999867822975
132 0.0002904199995100498
133 0.00027694000164046884
134 0.0002720000018598512
135 0.00026990000042133034
136 0.0003315000009024516
137 0.00027735999901778996
138 0.00028258000093046577
139 0.00027559999725781383
140 0.00030629999819211664
141 0.00028758000407833604
142 0.0002935199998319149
143 0.0002968599961604923
144 0.00031656000355724246
145 0.0003037999966181815
146 0.00034489999816287307
147 0.0003135200007818639
148 0.00032084000413306056
149 0.00033913999795913695
150 0.00032671999651938676
151 0.0003286000050138682
152 0.00032598000252619385
153 0.0003387600008863956
154 0.0003347999998368323
155 0.00032644000311847775
156 0.00036575999984052033
157 0.0003425600007176399
158 0.00035770000249613076
159 0.00034242000547237696
160 0.0003497600002447143
161 0.00036037999961990863
162 0.00035251999506726863
163 0.00035089999728370457
164 0.0003774199984036386
165 0.00037358000117819755
166 0.00037443999899551273
167 0.0003861600038362667
168 0.00036726000253111123
169 0.00035939999797847123
170 0.00041151999903377146
171 0.0003763800021260977
172 0.0003976200008764863
173 0.00039129999349825085
174 0.00039360000228043645
175 0.000410120005835779
176 0.00038714000256732104
177 0.0003982399997767061
178 0.0003986200026702136
179 0.0003913600026862696
180 0.0004245799995260313
181 0.0004015600017737597
182 0.0004233600018778816
183 0.00038971999892964957
184 0.0004037800012156367
185 0.000424040001234971
186 0.0003919999959180132
187 0.0004110600042622536
188 0.00040133999427780507
189 0.0004048600007081404
190 0.000424040004145354
191 0.00040661999664735047
192 0.00043131999846082183
193 0.00041916000482160597
194 0.00041726000199560076
195 0.00043184000242035836
196 0.0004512600047746673
197 0.0004408199980389327
198 0.0004186000005574897
199 0.000437059992691502
200 0.00044569999736268075
201 0.00042470000043977053
202 0.00044075999758206306
203 0.0004479800030821934
204 0.000463600002694875
205 0.0004387000022688881
206 0.0004453999979887158
207 0.00046610000426881013
208 0.00045551999646704645
209 0.00047488000709563496
210 0.0004495800007134676
211 0.00048274000000674276
212 0.0004507400037255138
213 0.00048531999927945433
214 0.00045849999878555536
215 0.0004838599998038262
216 0.00048543999728281053
217 0.0004644399945391342
218 0.0004920000064885244
219 0.0004909600014798343
220 0.0005032799992477522
221 0.00047894000308588145
222 0.0005057399976067245
223 0.0005003600032068789
224 0.0005149599979631603
225 0.0005126000003656372
226 0.0005201599939027801
227 0.0004908800008706748
228 0.0005173200042918324
229 0.0005088999983854592
230 0.0005269999994197861
231 0.0005145200004335493
232 0.0005343000026186928
233 0.0005041200027335435
234 0.0005309000000124798
235 0.0005071599996881559
236 0.0005450400029076263
237 0.0005568599997786805
238 0.000521959995967336
239 0.0005482599983224646
240 0.0005279200035147369
241 0.0005513399984920398
242 0.0005485999980010092
243 0.0005557000025874004
244 0.000531739997677505
245 0.0005645800003549085
246 0.0005591199966147542
247 0.0005632800020975992
248 0.0005496199999470263
249 0.0005720199958886951
250 0.0005690600053640082
251 0.0005587199964793399
252 0.0005774600023869425
253 0.0005686399963451549
254 0.0005901800002902746
255 0.0005724200018448755
256 0.0005855600000359118
257 0.000578140004654415
258 0.0005986399977700785
259 0.0006215799949131906
260 0.0005835200019646436
261 0.0006020600034389645
262 0.0005841600010171533
263 0.0006363000022247434
264 0.0006260999973164872
265 0.0006023599999025464
266 0.000621540000429377
267 0.0006046599999535828
268 0.0006284400034928695
269 0.0006518600013805554
270 0.0006038400024408475
271 0.0006182799988891929
272 0.0006151199981104582
273 0.0006496000016340986
274 0.0006981600046856329
275 0.0008671199990203604
276 0.0006858999986434355
277 0.0006689999980153516
278 0.0006377599958796055
279 0.0006573000020580367
280 0.000659920001635328
281 0.000645100002293475
282 0.000676639995072037
283 0.0006681800034129993
284 0.0006452600006014109
285 0.0006840000016381965
286 0.000691019999794662
287 0.000686579998000525
288 0.0006778200011467561
289 0.0006716399977449328
290 0.0006784600031096488
291 0.0007056200003717095
292 0.0006943599961232394
293 0.0006756400020094588
294 0.0006891800003359094
295 0.0007044799975119531
296 0.0007062999997287988
297 0.0007070600026054308
298 0.00070953999820631
299 0.0007334199995966628
300 0.00070836000086274
301 0.00072997999668587
302 0.0007218799990369007
303 0.000716360000660643
304 0.0007593000016640871
305 0.0007237399986479431
306 0.0007474199985153974
307 0.0007157999993069097
308 0.0007327400002395734
309 0.0007406200020341203
310 0.0007245599990710616
311 0.0007467399962479248
312 0.0007592199981445447
313 0.000784960004966706
314 0.0007346800004597754
315 0.0007681799994315952
316 0.0007795199984684586
317 0.0007621000026119873
318 0.0007955999986734241
319 0.0008334999991348013
320 0.000793700001668185
321 0.0008197000017389656
322 0.00078153999929782
323 0.0008090599993010982
324 0.0008544199954485521
325 0.0008277799992356449
326 0.000840660001267679
327 0.0008338199986610562
328 0.0008386199973756447
329 0.0008380200015380979
330 0.0008659199986141175
331 0.0008530800027074292
332 0.0008563600014895201
333 0.0008481600001687184
334 0.0008489399973768741
335 0.000864660000661388
336 0.0008379399980185554
337 0.00085296000179369
338 0.0008261000009952113
339 0.0008378599974093959
340 0.000843179997173138
341 0.0008427399996435269
342 0.0008412200026214123
343 0.000855319999391213
344 0.0008095400000456721
345 0.0008463400008622557
346 0.0008679199992911891
347 0.0008419800025876612
348 0.0008433599985437467
349 0.0008457400021143257
350 0.0009295999945607037
351 0.0009280600061174482
352 0.0008967200003098697
353 0.0008829600003082306
354 0.0008610399992903695
355 0.0008768400002736598
356 0.0008625400019809604
357 0.0008655200013890863
358 0.0008958000020356849
359 0.0008878799970261752
360 0.000893860004725866
361 0.0008886800002073869
362 0.0009161799971479923
363 0.0008801399992080406
364 0.0008927999966545031
365 0.0008949999988544733
366 0.0009179600019706413
367 0.0009200199972838163
368 0.0009250000002793968
369 0.0008977400022558868
370 0.000959180001518689
371 0.0009316999989096075
372 0.0009443000017199665
373 0.00102988000435289
374 0.0009256400022422895
375 0.0009310800000093877
376 0.0009480000007897615
377 0.0009417000022949651
378 0.0009579199977451935
379 0.000946299999486655
380 0.0009716200002003461
381 0.0009479000029386953
382 0.0009488200041232631
383 0.0009676600020611659
384 0.0009636999981012196
385 0.0009807200054638087
386 0.0009820200008107348
387 0.0009964399971067906
388 0.0009768000047188253
389 0.0010261600022204221
390 0.0009790200012503192
391 0.0009994600026402623
392 0.001018599997041747
393 0.0009801199979847298
394 0.0010031600017100573
395 0.0010211799992248416
396 0.0009967800026061014
397 0.001035060003050603
398 0.0010542600008193403
399 0.0010074999969219788
400 0.0010188000014750287
401 0.0010184200014919042
402 0.001029440003912896
403 0.0010328599979402497
404 0.001028540002880618
405 0.0010033399972598999
406 0.0010208599996985868
407 0.0010567199991783128
408 0.001024980001966469
409 0.0010077599989017471
410 0.0010983800020767376
411 0.0010193399997660891
412 0.001083359998301603
413 0.0010710000002291053
414 0.0010493399953702466
415 0.0010708000016165897
416 0.0010788399929879233
417 0.0010562599956756458
418 0.001061279998975806
419 0.0010878400033107027
420 0.001081999999587424
421 0.0010582800052361563
422 0.001106920000165701
423 0.0010865199990803375
424 0.0011120599956484511
425 0.0011694999964674934
426 0.0010872599959839135
427 0.0011473000020487234
428 0.0011814999976195394
429 0.0011658999952487647
430 0.0011660999967716633
431 0.0011561399936908857
432 0.0011649199994280934
433 0.001202299995929934
434 0.001177399995503947
435 0.0011864000000059605
436 0.0011596000025747345
437 0.001088699998217635
438 0.0011225399997783826
439 0.0011645000020507723
440 0.0011284999985946343
441 0.0011105799989309163
442 0.0011290400056168438
443 0.0011348199972417206
444 0.001140219997614622
445 0.0011298200057353824
446 0.0011527799942996353
447 0.0011442799965152516
448 0.001168099994538352
449 0.001187660003779456
450 0.0011564400047063828
451 0.0012494800030253828
452 0.0011627200001385063
453 0.0011769600037951022
454 0.0011908399988897144
455 0.0011595999996643514
456 0.0011705599958077074
457 0.0011718399997334926
458 0.0011773599981097504
459 0.0012064200069289654
460 0.0011977599991951139
461 0.001203059998806566
462 0.0012200400029541924
463 0.0011855800024932251
464 0.0012063400034094229
465 0.0011946800048463046
466 0.0012308000033954159
467 0.0012232199951540679
468 0.0012144400068791583
469 0.0012458599987439812
470 0.001220999998622574
471 0.0012500599958002567
472 0.0012407799978973344
473 0.0012424999993527308
474 0.0012565199984237551
475 0.0012316799955442547
476 0.0012601199996424839
477 0.0012670600030105562
478 0.0012410600058501587
479 0.0012785599974449724
480 0.0012392399978125468
481 0.0012728200032142921
482 0.00125683999795001
483 0.0012789600004907697
484 0.0013046800042502583
485 0.0012740999954985455
486 0.00132648000435438
487 0.0013101599965011702
488 0.0012872399995103479
489 0.0013022800034377725
490 0.001336679994710721
491 0.0012927600037073717
492 0.001308559998869896
493 0.001337020003120415
494 0.0013092000008327886
495 0.0013199399982113391
496 0.0013719199982006104
497 0.0013363200007006526
498 0.0013531800010241567
499 0.001311820003320463
500 0.0013488199998391791
501 0.0013043600018136203
502 0.001371380002819933
503 0.001328119996469468
504 0.0013430200022412464
505 0.0013992199965287
506 0.0013811000011628495
507 0.0013693799992324784
508 0.0014258000039262698
509 0.0013759399997070431
510 0.0013677800016012043
511 0.0013559199956944211
512 0.0013709799997741357
513 0.0013762999995378777
514 0.0013569799979450182
515 0.0013509799988241865
516 0.0013764999981503933
517 0.0013382799981627614
518 0.0013897800032282247
519 0.0013789399963570759
520 0.001368540001567453
521 0.001375380004174076
522 0.0013625600025989116
523 0.0014288400037912653
524 0.0013864600041415542
525 0.0014278999995440244
526 0.0014060199959203602
527 0.0014020999980857596
528 0.0014019200025359169
529 0.0014026399963768198
530 0.0014368999982252717
531 0.0014062200003536417
532 0.0014807400002609938
533 0.0014382800000021234
534 0.001561620002030395
535 0.0014552599983289837
536 0.0014276200003223495
537 0.0014440400002058596
538 0.0014041799993719905
539 0.0014626799966208637
540 0.00146157999697607
541 0.0014351799967698754
542 0.0015215399995213374
543 0.0014307199977338313
544 0.0014766400010557846
545 0.001450200003455393
546 0.001458360001561232
547 0.0014405800000531598
548 0.001461899996502325
549 0.00148192000342533
550 0.0014704400004120544
551 0.001473620001343079
552 0.001492420001886785
553 0.001516400001128204
554 0.001515100002870895
555 0.001488399997469969
556 0.0015062199992826209
557 0.0015179399983026088
558 0.0015113400004338473
559 0.0014704800007166341
560 0.0015434200002346187
561 0.0015006399975391106
562 0.0015432400017743931
563 0.001503400001092814
564 0.0015490799996769056
565 0.0015425199992023409
566 0.0015717199974460527
567 0.001517440000316128
568 0.001559839997207746
569 0.0015321799961384385
570 0.0015914599964162335
571 0.0015795999963302166
572 0.0015536000020802021
573 0.0015458600013516844
574 0.0016243399964878335
575 0.0015915200026938691
576 0.0016819000011309981
577 0.0016284399986034258
578 0.0016471599985379726
579 0.0015860199986491353
580 0.0016440799983683974
581 0.001543820000370033
582 0.0015898200013907625
583 0.001571840001270175
584 0.0015887400018982588
585 0.001555539999390021
586 0.001599100002204068
587 0.0015571800002362579
588 0.0015831800003070385
589 0.0016760800004703923
590 0.0015886400011368095
591 0.0016010599996661768
592 0.001627100000041537
593 0.0016057200002251193
594 0.001596259998041205
595 0.0016612399980658666
596 0.001621760003035888
597 0.001643099999637343
598 0.0016418999992311
599 0.0016101799992611632
600 0.0016618399997241795
601 0.001612300000851974
602 0.0016417400009231641
603 0.0017434399982448668
604 0.0016522400022950024
605 0.0016246400016825646
606 0.0017065399995772168
607 0.001644900001701899
608 0.0017160000046715141
609 0.0016715999983716757
610 0.0016842200013343245
611 0.001655999998911284
612 0.0017116400034865365
613 0.00169807999918703
614 0.0016794399998616427
615 0.001684880000539124
616 0.0016993800003547222
617 0.0017189000034704804
618 0.0017125600017607213
619 0.0017276200000196696
620 0.0016970399999991059
621 0.0017256599967367947
622 0.0017201199982082472
623 0.001721040002303198
624 0.0016962800058536232
625 0.0017555800004629418
626 0.0017467799974838273
627 0.0017255200044019147
628 0.0017631600057939067
629 0.0017052399984095246
630 0.00173658000130672
631 0.0017455399996833877
632 0.0017458799993619323
633 0.001706060004653409
634 0.001824880001368001
635 0.0017868599999928847
636 0.001828739998745732
637 0.001851379996514879
638 0.0018025600002147257
639 0.0017495599982794373
640 0.0018182600004365667
641 0.0017286600021179765
642 0.0017985600017709658
643 0.001813640000182204
644 0.0018077599990647287
645 0.001749319996451959
646 0.0017573600023752078
647 0.0017937400029040874
648 0.001761899996199645
649 0.0017963400023290887
650 0.0018089799996232614
651 0.0017840199987404048
652 0.0017355799966026098
653 0.001828600000590086
654 0.0018445999972755089
655 0.0017459199967561289
656 0.0018579800002044068
657 0.0018208399997092783
658 0.0017816800042055546
659 0.0018398799991700798
660 0.0018567800027085469
661 0.0018377200001850724
662 0.0018021600000793115
663 0.0018180399958509952
664 0.0018289600004209206
665 0.0018647999997483567
666 0.001837040000827983
667 0.0018284600024344399
668 0.0018396800005575642
669 0.0018869600025936961
670 0.0018552199995610862
671 0.00186874000064563
672 0.0018565400008810685
673 0.001900899998145178
674 0.002020440000342205
675 0.0019710399967152624
676 0.0019667000044137238
677 0.0020106399955693633
678 0.002023720002034679
679 0.001921339996624738
680 0.0018721199943684042
681 0.0018898199981776998
682 0.0018545200029620901
683 0.0018672600039280952
684 0.0018766399967717006
685 0.0019700200005900114
686 0.0019151599990436807
687 0.0019344799977261574
688 0.001954679997288622
689 0.0019470799947157503
690 0.0018961800029501318
691 0.002019439995638095
692 0.0019230600009905174
693 0.002047599997604266
694 0.0019586000009439884
695 0.001935300001059659
696 0.00200714000093285
697 0.00199525999778416
698 0.0019597399979829786
699 0.0019330800016177819
700 0.0019368200039025397
701 0.0019674399984069167
702 0.0019731200038222594
703 0.001955859997542575
704 0.002004040003521368
705 0.001976199998171069
706 0.0019590800016885622
707 0.002016300000832416
708 0.0019958000048063695
709 0.0019920800026739017
710 0.0020174399949610235
711 0.001988579999306239
712 0.0019805600022664294
713 0.002030100001138635
714 0.0020492600015131757
715 0.001984640001319349
716 0.0021023599983891472
717 0.0021911199990427123
718 0.0023126600019168107
719 0.002318540000123903
720 0.0022387399978470056
721 0.0020995399972889572
722 0.0020541599951684475
723 0.0020060799986822532
724 0.0020151999924564734
725 0.00207010000012815
726 0.002040339997620322
727 0.0020599399955244734
728 0.002025959998718463
729 0.0020661199989262967
730 0.0020947600016370414
731 0.0020952399994712324
732 0.002048660002765246
733 0.0020957400003680958
734 0.0020694200007710605
735 0.00207918000232894
736 0.0020906800025841223
737 0.002113760000793263
738 0.0021475000015925617
739 0.002144499993300997
740 0.00214385999715887
741 0.0021180400013690814
742 0.0020939199952408672
743 0.0020978400018066166
744 0.0020955999963916836
745 0.0021281199966324492
746 0.002137920007226057
747 0.002134139995905571
748 0.002082700005848892
749 0.002077200001804158
750 0.002157939996686764
751 0.0021053400036180393
752 0.002096739996341057
753 0.0021756800008006392
754 0.0021057800011476504
755 0.0021370400034356864
756 0.00218243999988772
757 0.0021507799974642694
758 0.0021662199986167254
759 0.0021778399997856466
760 0.0021719599986681714
761 0.002227420004783198
762 0.002157679997617379
763 0.0021536799991736188
764 0.002163560001645237
765 0.002145619998918846
766 0.0021937399986200036
767 0.0022020400007022544
768 0.002172479993896559
769 0.002215460001025349
770 0.002202579998993315
771 0.00220506000041496
772 0.0021743599994806574
773 0.0021975799987558275
774 0.0022321600030409173
775 0.002199759997893125
776 0.002204300000448711
777 0.002226880000671372
778 0.0022262000013142822
779 0.002204060001531616
780 0.0021952600043732675
781 0.002258120002807118
782 0.0022176200000103563
783 0.002251280000200495
784 0.002244679996510968
785 0.0023817199980840087
786 0.0022286999970674514
787 0.002281420002691448
788 0.0022460600011982024
789 0.002343899998231791
790 0.0023324000008869915
791 0.002334720001090318
792 0.002322860003914684
793 0.002322540001478046
794 0.002256319994921796
795 0.0023795199987944214
796 0.0022729799995431675
797 0.002295600000070408
798 0.0023209399980260058
799 0.0022847199928946794
800 0.0022535800031619146
801 0.0022788999951444565
802 0.002321819998905994
803 0.002289540000492707
804 0.0023500799987232314
805 0.002314180001849309
806 0.0023073000018484892
807 0.002360079996287823
808 0.002380019999691285
809 0.0024068400001851843
810 0.0024804400047287343
811 0.0023254800034919754
812 0.002322419994743541
813 0.0023709400033112616
814 0.0023732799978461116
815 0.0023984799976460637
816 0.002372639995883219
817 0.0023374600015813483
818 0.0023840800015022976
819 0.0023564800038002433
820 0.00245172000140883
821 0.002408639999339357
822 0.0023433800000930206
823 0.0024513800017302856
824 0.0023599999985890463
825 0.0023635200050193816
826 0.0025709600013215095
827 0.002496519996202551
828 0.002545200000167824
829 0.0023923799977637827
830 0.0024188799958210438
831 0.002450580001459457
832 0.002370420002262108
833 0.002400780000607483
834 0.0024231399991549553
835 0.0023982400016393512
836 0.002446260000579059
837 0.0024004000006243587
838 0.002390819997526705
839 0.0024678200046764688
840 0.0024556199961807577
841 0.0025391200004378335
842 0.0025611599994590506
843 0.0025719800032675266
844 0.0025417800032300876
845 0.0024318199953995644
846 0.002387619999353774
847 0.002448500000173226
848 0.0025083800021093337
849 0.002434899998479523
850 0.0024364800017792733
851 0.0024925400008214637
852 0.0024735999963013456
853 0.002487719999044202
854 0.002436919999308884
855 0.0024861799989594146
856 0.0024707200034754353
857 0.002459640000597574
858 0.0025229599996237084
859 0.00252714000234846
860 0.002474739999161102
861 0.002493540002615191
862 0.002530320000369102
863 0.00248866000038106
864 0.002523660002043471
865 0.002482019996386953
866 0.002565339996363036
867 0.002569539999240078
868 0.0026124400057597084
869 0.0027035800041630862
870 0.002702620002673939
871 0.0026591600006213413
872 0.0026358199975220487
873 0.0025268400029744955
874 0.0025441599980695175
875 0.0025672799965832382
876 0.002595959999598563
877 0.0025284400006057696
878 0.0025976600009016693
879 0.0025698999990709124
880 0.002551899998798035
881 0.0025832800019998103
882 0.0025820999988354744
883 0.0025875800027279185
884 0.0026131000020541252
885 0.0026002800004789606
886 0.002580660002422519
887 0.00264067999960389
888 0.002777899999637157
889 0.002602460002526641
890 0.002590979996602982
891 0.0026165399991441517
892 0.002622419997351244
893 0.0025995399977546186
894 0.0026062199991429224
895 0.0026540199993178248
896 0.00266051999933552
897 0.002549420000286773
898 0.0026177799998549746
899 0.002609840003424324
900 0.002677999995648861
901 0.002652240000315942
902 0.002662119996966794
903 0.0026841600018087776
904 0.0026471199991647152
905 0.002722039999207482
906 0.002724040002794936
907 0.0027033999998820946
908 0.002627499995287508
909 0.002706880000187084
910 0.002658320000045933
911 0.002690439997240901
912 0.0026615200011292474
913 0.0026964399963617324
914 0.002710179999121465
915 0.0027022400026908144
916 0.0026264999964041636
917 0.0026786600006744265
918 0.0026591200003167614
919 0.0026849000045331196
920 0.002667160000419244
921 0.0027411799994297324
922 0.002697119998629205
923 0.00269906000175979
924 0.0027028200041968376
925 0.002724799999850802
926 0.002722159997210838
927 0.002694020001217723
928 0.0027222000004258006
929 0.0027930400043260305
930 0.0027775199967436494
931 0.0027155200019478797
932 0.002703199998359196
933 0.0027158399985637515
934 0.0027509799983818084
935 0.002774200000567362
936 0.002768519998062402
937 0.0028019200020935387
938 0.0027832799969473854
939 0.0027458200056571513
940 0.0028244399989489468
941 0.002892220002831891
942 0.002945280002313666
943 0.0029009399993810804
944 0.0028871199989225715
945 0.0028093799977796153
946 0.0028250199975445867
947 0.002751799998804927
948 0.0028550799994263797
949 0.0028782000008504838
950 0.002794179998454638
951 0.00282322000421118
952 0.0028087200043955818
953 0.0028333599999314173
954 0.0028980599978240206
955 0.002856979999342002
956 0.002803080002195202
957 0.002821740001672879
958 0.002838619996327907
959 0.002837280000676401
960 0.002829460002249107
961 0.0028138000023318456
962 0.0028515800018794834
963 0.0028788800031179563
964 0.002907680004136637
965 0.0028269600006751716
966 0.002843360000406392
967 0.0028859600075520574
968 0.002859180001541972
969 0.0028403000003891067
970 0.0028294999938225374
971 0.0028154199972050264
972 0.0028691600047750397
973 0.002932819997658953
974 0.002840400001150556
975 0.0029441600025165828
976 0.0029440199985401707
977 0.002934820001246408
978 0.002875760002643801
979 0.0028415200009476393
980 0.003008220004267059
981 0.003114379997714423
982 0.0030476000014459715
983 0.0031432199961273
984 0.002981880001607351
985 0.0029308199998922648
986 0.0029586799995740876
987 0.0029425599990645424
988 0.0028880400001071393
989 0.003007820001221262
990 0.002945879998151213
991 0.002938639998319559
992 0.0030696800036821514
993 0.002897419995861128
994 0.0029960199986817314
995 0.0029725999978836627
996 0.002980579997529276
997 0.002911540001514368
998 0.003036420003627427
999 0.0030696400004671886
1000 0.0031124800036195664
1001 0.003042939997976646
1002 0.002952659997390583
1003 0.00297755999781657
1004 0.0029790200031129645
1005 0.0030001800012541937
1006 0.00297860000282526
1007 0.0029661199951078743
1008 0.0029634600010467692
1009 0.0031139599974267184
1010 0.00306206000095699
1011 0.003216519998386502
1012 0.0031671199976699427
1013 0.0031904000003123655
1014 0.003208740000263788
1015 0.003061560000060126
1016 0.003014339998480864
1017 0.003023179998854175
1018 0.003045879999990575
1019 0.0030615000025136395
1020 0.0030875599972205237
1021 0.0031362400011857973
1022 0.0031270199979189783
1023 0.0030830400035483764
1024 0.002986159999272786
1025 0.0031107000046176835
1026 0.0030357000010553747
1027 0.00306202000065241
1028 0.0031268199993064625
1029 0.0031079200038220734
1030 0.0031474400020670146
1031 0.003095220000250265
1032 0.0030455800064373762
1033 0.003091800000402145
1034 0.0030845600005704908
1035 0.003090479999082163
1036 0.003022479996434413
1037 0.00312621999764815
1038 0.0031324799958383663
1039 0.0030745600030058994
1040 0.003151040003285743
1041 0.00308190000068862
1042 0.003147960000205785
1043 0.0031479000026592985
1044 0.0031563000025926157
1045 0.0031481800018809737
1046 0.003140980002353899
1047 0.003131980000762269
1048 0.0031647600029828028
1049 0.0031696599995484575
1050 0.0031950399978086354
1051 0.0031437199970241634
1052 0.0031715399993117897
1053 0.0031202999962260947
1054 0.0032295399956637993
1055 0.0031515999959083273
1056 0.0031492600013734774
1057 0.003198479997809045
1058 0.003235960003803484
1059 0.0031440399965504185
1060 0.003173439999227412
1061 0.0031820800009882077
1062 0.003166519998922013
1063 0.0032104000012623144
1064 0.0032428200007416307
1065 0.0032160200004000216
1066 0.003200120004476048
1067 0.003172839994658716
1068 0.0032100200012791904
1069 0.003162079997127876
1070 0.003217419996508397
1071 0.0032026000029873104
1072 0.003194919999805279
1073 0.003316139997332357
1074 0.0033592000050703063
1075 0.0035795400006463753
1076 0.003409579995786771
1077 0.0032554399949731305
1078 0.0032711399981053546
1079 0.003249319997848943
1080 0.0033251200016820802
1081 0.0034713400003965945
1082 0.0033928000048035756
1083 0.0033080800028983505
1084 0.003363080002600327
1085 0.003424460004316643
1086 0.003317760000936687
1087 0.0033406400034436956
1088 0.0033000599971273912
1089 0.00327359999937471
1090 0.003337160003138706
1091 0.0032414000015705824
1092 0.003310040003270842
1093 0.00338527999992948
1094 0.003255720000015572
1095 0.0033770799986086787
1096 0.0032424799981527032
1097 0.0032963000005111097
1098 0.0033840600022813304
1099 0.0036813000013353305
1100 0.003915540006710216
1101 0.0038592000026255848
1102 0.00495463999977801
1103 0.005021780001698062
1104 0.004705000002286397
1105 0.0043428999983007085
1106 0.003594120001071133
1107 0.003594939998583868
1108 0.0036729799991007893
1109 0.003590960000292398
1110 0.00354016000055708
1111 0.003370680002262816
1112 0.0034687999985180797
1113 0.003494199994020164
1114 0.0035467800014885144
1115 0.003624620000482537
1116 0.003429519999190234
1117 0.003341160001582466
1118 0.0033784400002332404
1119 0.0033456599980127067
1120 0.003334220001124777
1121 0.003411559999221936
1122 0.003412880000541918
1123 0.0034707599988905713
1124 0.003396139995311387
1125 0.0033827399980509653
1126 0.003530360001605004
1127 0.0036198799964040516
1128 0.003678779999609105
1129 0.0034908800036646424
1130 0.0034900199971161783
1131 0.003468019995489158
1132 0.0035173999989638106
1133 0.0036014000070281327
1134 0.003799320000689477
1135 0.0036302799999248236
1136 0.003687700000591576
1137 0.0037437999999383464
1138 0.003608000004896894
1139 0.003711739997379482
1140 0.0037950600002659486
1141 0.003976360001252033
1142 0.003945999997085892
1143 0.003912319999653846
1144 0.003906759995152243
1145 0.003917499998351559
1146 0.003955560000031255
1147 0.003691860000253655
1148 0.0036612799944123254
1149 0.003751480003120378
1150 0.0036888599977828564
1151 0.0036341800005175173
1152 0.0036878400045679883
1153 0.003640599999926053
1154 0.003644300001906231
1155 0.0038493799947900698
1156 0.003942859996459447
1157 0.003944280004361644
1158 0.003965880000032484
1159 0.00409209999779705
1160 0.003935839998302981
1161 0.0039048199949320407
1162 0.003997380001237616
1163 0.0039636999950744215
1164 0.003948920001857914
1165 0.003982440000982024
1166 0.003920460000517778
1167 0.004056679998757318
1168 0.0038998000003630296
1169 0.00394854000187479
1170 0.003802239999640733
1171 0.003841939999256283
1172 0.0038430400018114597
1173 0.003753800000413321
1174 0.003732600001967512
1175 0.0039261399972019715
1176 0.0038421600009314718
1177 0.003889040002832189
1178 0.003857919998699799
1179 0.0037520599958952515
1180 0.004238360005547293
1181 0.003846660003182478
1182 0.003685639996547252
1183 0.0036156199988909067
1184 0.00366045999689959
1185 0.0036485599994193763
1186 0.0035907999961636962
1187 0.0036169799976050855
1188 0.0036170000006677584
1189 0.0036147200036793945
1190 0.003636759996879846
1191 0.003612159998738207
1192 0.004334660002496093
1193 0.005950619996292516
1194 0.00404145999928005
1195 0.004162360003101639
1196 0.003951780003262684
1197 0.0040164600010029975
1198 0.003971059998730197
1199 0.003960259995074012
1200 0.0038976199983153494
1201 0.003898539999499917
1202 0.0039566399995237585
1203 0.003928879991872236
1204 0.004019200001494028
1205 0.004489639995153993
1206 0.004043239998281933
1207 0.004117300000507385
1208 0.0038581599976168944
1209 0.003963539996766486
1210 0.0038083999941591175
1211 0.0037723799992818384
1212 0.0036920799990184604
1213 0.0038598999992245807
1214 0.003887039999244735
1215 0.0040399599965894595
1216 0.0038344399974448605
1217 0.003793220003717579
1218 0.003838640000321902
1219 0.003816039999946952
1220 0.0037260599987348542
1221 0.003811700001824647
1222 0.0038137199997436257
1223 0.0036928600020473823
1224 0.0037162199994781988
1225 0.0037947800039546562
1226 0.00377435999980662
1227 0.0037741000007372348
1228 0.0037507400003960354
1229 0.003770539996912703
1230 0.003964599999017082
1231 0.004555799995432608
1232 0.0038705000013578685
1233 0.003754100005608052
1234 0.0039061400020727888
1235 0.003839140001218766
1236 0.0038198200025362896
1237 0.003849639996769838
1238 0.003975179998087696
1239 0.003966020001098513
1240 0.0038764200056903065
1241 0.003809400001773611
1242 0.0038095399970188735
1243 0.003922459998284467
1244 0.003919099998893216
1245 0.0039561400015372785
1246 0.0038630399969406424
1247 0.003867859995807521
1248 0.003794979996746406
1249 0.003808440003194846
1250 0.003907880006590858
1251 0.003784299996914342
1252 0.004032279999228195
1253 0.003857919998699799
1254 0.003862059998209588
1255 0.003816180003923364
1256 0.003909960002056323
1257 0.003935640002600849
1258 0.003977240002132021
1259 0.003823899998678826
1260 0.003919919993495569
1261 0.003924379995441996
1262 0.003938460000790655
1263 0.0038739400013582783
1264 0.0039446999959182
1265 0.0038688000000547617
1266 0.0038809599995147438
1267 0.003906700000516139
1268 0.003840120002860203
1269 0.003999439996550791
1270 0.0039758599974447865
1271 0.003859559996635653
1272 0.004106819999287836
1273 0.00390709999774117
1274 0.0039027999999234455
1275 0.003902999998535961
1276 0.003996659998665564
1277 0.003900779999094084
1278 0.003957120000268333
1279 0.003977699999813922
1280 0.003986660004011355
1281 0.0039540800004033375
1282 0.004011119998176582
1283 0.003990580001845956
1284 0.003923840000061319
1285 0.0040414799994323404
1286 0.003981880002538673
1287 0.003961780006648041
1288 0.00395810000190977
1289 0.0039898999966681
1290 0.003953519999049604
1291 0.004265859999577515
1292 0.004232280002906918
1293 0.004066639998927713
1294 0.004009559997939505
1295 0.004019480000715702
1296 0.004172860001563095
1297 0.004066160001093522
1298 0.0040011799952480945
1299 0.0039750999945681546
1300 0.0039526600070530545
1301 0.004043880003155209
1302 0.004008120001526549
1303 0.003981660003773868
1304 0.004006260001915507
1305 0.003989920005551539
1306 0.004021559993270784
1307 0.004188780003460124
1308 0.004174659997806885
1309 0.0043441199959488586
1310 0.004329319996759296
1311 0.004296720001730136
1312 0.004157479997957125
1313 0.004071699996711686
1314 0.0041447600058745595
1315 0.00404374000208918
1316 0.004102419997798279
1317 0.0041044399957172574
1318 0.004264100000727922
1319 0.004245579996495508
1320 0.004218920000130311
1321 0.004118939998443238
1322 0.004118100000778213
1323 0.004075139999622479
1324 0.004120000000693835
1325 0.004153519999817945
1326 0.004103559997747652
1327 0.004010619997279719
1328 0.0041735999984666705
1329 0.004108719996293075
1330 0.0041327999992063266
1331 0.0040213400003267456
1332 0.004139919998124242
1333 0.004327619998366572
1334 0.00439207999734208
1335 0.004136700002709404
1336 0.0042827600031159815
1337 0.0041343599994434045
1338 0.004130019995500334
1339 0.004103039999608882
1340 0.004129499997361563
1341 0.004352099995594471
1342 0.00444644000090193
1343 0.004568760000984185
1344 0.004394500004127622
1345 0.00426171999424696
1346 0.004237319997628219
1347 0.0041943399992305785
1348 0.0041663800046080725
1349 0.004119680004077963
1350 0.004284579999512062
1351 0.00423605999967549
1352 0.004223620003904216
1353 0.004191459994763136
1354 0.004338499996811152
1355 0.004449799997382797
1356 0.004441060000681318
1357 0.00425468000175897
1358 0.004232139998930506
1359 0.0042158800002653155
1360 0.004172639996977523
1361 0.004221300000790506
1362 0.004298959998413921
1363 0.004160960001172498
1364 0.004199040003004484
1365 0.004210519994376227
1366 0.004398159997072071
1367 0.004315899999346584
1368 0.004293759996653534
1369 0.004186239995760843
1370 0.00436426000087522
1371 0.004332000002614222
1372 0.0042870399978710335
1373 0.004227299997000955
1374 0.004255259997444227
1375 0.004309299995657057
1376 0.0042537400033324955
1377 0.004290319999563507
1378 0.004217700002482161
1379 0.004314460000023246
1380 0.004345440003089607
1381 0.004322140000294894
1382 0.004325139996944926
1383 0.004288420002558269
1384 0.004342720002750866
1385 0.004312420001951978
1386 0.004331540002021938
1387 0.004513500002212822
1388 0.0045581399986986074
1389 0.004514719996950589
1390 0.004375879999133758
1391 0.004361580003751442
1392 0.004415099998004735
1393 0.0043785400019260125
1394 0.00448053999862168
1395 0.004783260001568123
1396 0.004829920001793653
1397 0.004431879997719079
1398 0.004482539999298751
1399 0.004347319999942556
1400 0.004470459997537546
1401 0.004405399999814108
1402 0.004440359998261556
1403 0.004394540004432202
1404 0.004448000001139008
1405 0.004386319997138344
1406 0.0044688399997539815
1407 0.004396539999288507
1408 0.004396180002368055
1409 0.004546220001066104
1410 0.004578240003320388
1411 0.004660499995225109
1412 0.004512940003769473
1413 0.004511440001078881
1414 0.004398160002892837
1415 0.004506480001145974
1416 0.004434040002524853
1417 0.004648300004191697
1418 0.0047530599986203015
1419 0.00453099999576807
1420 0.004505280000739731
1421 0.0044241800031159075
1422 0.004470440000295639
1423 0.004429359995992854
1424 0.004501040003378876
1425 0.004401340000913479
1426 0.004489559997455217
1427 0.004708879996906034
1428 0.00472097999881953
1429 0.004556780002894811
1430 0.004536279995227233
1431 0.004458019998855889
1432 0.004422199999680743
1433 0.004539879999356344
1434 0.004622359998757019
1435 0.004548200004501268
1436 0.004667020004126244
1437 0.004606959997909143
1438 0.004477599999518134
1439 0.004437220000545495
1440 0.00453552000108175
1441 0.00453329999872949
1442 0.004512599998270162
1443 0.004571619999478571
1444 0.004563239996787161
1445 0.00461823999939952
1446 0.004554839999764226
1447 0.004640100005781278
1448 0.004530639998847619
1449 0.004562659998191521
1450 0.004539119996479712
1451 0.004657960002077743
1452 0.004583819999243133
1453 0.00468574000406079
1454 0.004721580000477843
1455 0.004902520001633093
1456 0.004860320000443607
1457 0.004528419999405742
1458 0.004651659997762181
1459 0.004537440001149662
1460 0.004563280000002124
1461 0.004604359998484142
1462 0.004553619999205694
1463 0.004595819997484795
1464 0.004615699994610622
1465 0.004652539998642169
1466 0.004643079999368638
1467 0.00469818000565283
1468 0.004593640004168264
1469 0.004692539997631684
1470 0.00466092000133358
1471 0.004679000002215617
1472 0.0046424400003161285
1473 0.004669659998035059
1474 0.004627999998047016
1475 0.00461551999906078
1476 0.004676059997291304
1477 0.004812459999811836
1478 0.004616639998857863
1479 0.004693440001574345
1480 0.004715900000883266
1481 0.004682160002994351
1482 0.0049333399976603685
1483 0.0047430200036615135
1484 0.004767259999061935
1485 0.004664479996426963
1486 0.004681280002114363
1487 0.004701999996905215
1488 0.004626979999011382
1489 0.00466370000212919
1490 0.0047639199998229746
1491 0.0046946799993747845
1492 0.004680739998002536
1493 0.004765120000229217
1494 0.004755699998349882
1495 0.004715039997245185
1496 0.004691659999662079
1497 0.005331560000195168
1498 0.0048887999990256505
1499 0.004698340009781532
1500 0.004800739994971081
1501 0.004799559997627512
1502 0.004837300002691336
1503 0.004787960005342029
1504 0.004750720001175069
1505 0.004866979995858856
1506 0.004729940000106581
1507 0.004756760000600479
1508 0.004678219999186694
1509 0.0048578399990219625
1510 0.004619119997369125
1511 0.004705439999816008
1512 0.004829400000744499
1513 0.004883859999245033
1514 0.004782820004038513
1515 0.00478956000006292
1516 0.004772000000230037
1517 0.004849320001085289
1518 0.004933019995223731
1519 0.004829900001641363
1520 0.004756640002597123
1521 0.004864220001036301
1522 0.004935659997863695
1523 0.0048248199978843335
1524 0.004788180004106834
1525 0.004834820001269691
1526 0.004801019994192757
1527 0.004829300002893433
1528 0.0050466999964555725
1529 0.005165680003119633
1530 0.005046359999687411
1531 0.004818340000929311
1532 0.004923319997033104
1533 0.004885499994270503
1534 0.0048444199986988675
1535 0.004767460000584834
1536 0.0049071799992816524
1537 0.0048296200024196875
1538 0.004885620001005009
1539 0.0048678600025596095
1540 0.004903920000651851
1541 0.004954659997019916
1542 0.0049127199978102
1543 0.0049429800012148915
1544 0.004835900000762195
1545 0.004949099995428696
1546 0.004903679998824373
1547 0.004996180001762695
1548 0.00494431999977678
1549 0.005077259996323846
1550 0.005025660002138466
1551 0.0049878599995281546
1552 0.0050341400055913255
1553 0.0050409399991622195
1554 0.0049069599946960805
1555 0.004998360000899993
1556 0.005024980002781376
1557 0.004925380001077428
1558 0.004942619992652908
1559 0.004997179994825273
1560 0.005019239999819547
1561 0.004939760002889671
1562 0.00506922000204213
1563 0.005163760000141337
1564 0.005221920000622049
1565 0.0049931400018977
1566 0.004990239997277967
1567 0.00498694000125397
1568 0.005205199998454191
1569 0.005155480001121759
1570 0.005040499995811842
1571 0.00496757999935653
1572 0.004937260004226118
1573 0.004988859998411499
1574 0.0049197599990293385
1575 0.00504374000011012
1576 0.005086600000504404
1577 0.004980399995110929
1578 0.005046860000584274
1579 0.005149439998785965
1580 0.005181800003629178
1581 0.005075460005900823
1582 0.004933220002567395
1583 0.0049637599993729966
1584 0.004923519998556003
1585 0.005168839998077601
1586 0.005136380001204088
1587 0.005088480006088502
1588 0.005098620004719123
1589 0.005024160002358257
1590 0.005073700004140846
1591 0.005074159998912364
1592 0.005055179996998049
1593 0.005019760000868701
1594 0.005175219997181557
1595 0.005122180000762455
1596 0.005115760001353919
1597 0.005053040001075715
1598 0.005184519998147152
1599 0.0051966200000606476
1600 0.0051340999954845755
1601 0.0051105200021993365
1602 0.005335599998943508
1603 0.005095920004532672
1604 0.005114179998054169
1605 0.0050851599953603
1606 0.005097220002789981
1607 0.005135580003843643
1608 0.005233979996410199
1609 0.005218120000790805
1610 0.005185260003781877
1611 0.005236679999507032
1612 0.005168660002527759
1613 0.0052071800018893555
1614 0.005189420003443956
1615 0.005138740001711994
1616 0.005151700004353188
1617 0.005194620002293959
1618 0.005273660001694225
1619 0.005320840000058525
1620 0.005199259993969463
1621 0.0052723599947057664
1622 0.005317179998382926
1623 0.00518203999963589
1624 0.005217999996966682
1625 0.005176639999262989
1626 0.005228500001248903
1627 0.005292939997161739
1628 0.0053029200033051895
1629 0.005172499999753199
1630 0.005153999998583458
1631 0.005267300002742559
1632 0.005267400000593625
1633 0.005198099999688566
1634 0.005131380003876984
1635 0.005267699997057207
1636 0.005254860001150519
1637 0.005271940000238828
1638 0.0051485399977536875
1639 0.005106560001149773
1640 0.005056819997844286
1641 0.005015039996942505
1642 0.004997640001238324
1643 0.005085420000250451
1644 0.00497610000311397
1645 0.005065839999588206
1646 0.00533123999775853
1647 0.005203699998673983
1648 0.005218100000638515
1649 0.005384279999998398
1650 0.0052490800037048755
1651 0.005217499998980202
1652 0.005234140003449283
1653 0.005228480004006997
1654 0.005348780000349507
1655 0.005222539996611886
1656 0.005408120001084172
1657 0.00528533999749925
1658 0.00520542000012938
1659 0.005346179998014122
1660 0.005422339998767711
1661 0.005362359998980537
1662 0.005428399995435029
1663 0.00537530000146944
1664 0.005330860000685789
1665 0.005350300000282004
1666 0.00536013999953866
1667 0.005312240001512691
1668 0.005426060000900179
1669 0.005350139999063685
1670 0.0053834999969694765
1671 0.0054967400006717074
1672 0.005357439999352209
1673 0.005413780000526458
1674 0.005310259998077526
1675 0.005487640004139394
1676 0.0056917799985967575
1677 0.005698700004722923
1678 0.005424540000967681
1679 0.005157979996874928
1680 0.005288260002271272
1681 0.005256899996311404
1682 0.005122080002911389
1683 0.005276880000019446
1684 0.005448259998229332
1685 0.00511347999854479
1686 0.005216520000249148
1687 0.005199299997184425
1688 0.005220060001011007
1689 0.005197680002311245
1690 0.005311719997553155
1691 0.005312980001326651
1692 0.005199539999011904
1693 0.005290280003100634
1694 0.005619740005931817
1695 0.005227859999286011
1696 0.005296439997619018
1697 0.00527233999746386
1698 0.005199779997929
1699 0.005457480001496151
1700 0.005572319999919273
1701 0.00522964000410866
1702 0.005257940001320094
1703 0.0052376599953277035
1704 0.005290139996213838
1705 0.005248079999000765
1706 0.005266139999730512
1707 0.005248619997291826
1708 0.005225540001993068
1709 0.0053055199998198075
1710 0.005277439998462796
1711 0.005272620002506301
1712 0.005481359999976121
1713 0.005797599998186342
1714 0.005452919995877892
1715 0.005440639998414554
1716 0.005402879999019205
1717 0.005398319999221713
1718 0.005636479999520816
1719 0.005599920003442093
1720 0.005522939999355003
1721 0.005479799999739044
1722 0.005508439996629022
1723 0.005269360000966117
1724 0.005314740000176244
1725 0.005287019998650067
1726 0.005387719999998808
1727 0.0053317999962018804
1728 0.0054055399989010764
1729 0.005288019997533411
1730 0.005323059996590019
1731 0.005519540002569556
1732 0.005654220000724308
1733 0.00567777999676764
1734 0.005663380000623874
1735 0.005631019998691045
1736 0.005698500000289641
1737 0.005601000000024214
1738 0.005563739992794581
1739 0.00565113999764435
1740 0.005647219999809749
1741 0.005657620000420138
1742 0.005731279999599792
1743 0.005593520001275465
1744 0.005755359996692277
1745 0.005608660000143572
1746 0.00564373999950476
1747 0.005643419999978505
1748 0.005689859998528846
1749 0.005776399999740533
1750 0.005673259997274726
1751 0.005733660000259988
1752 0.005613160002394579
1753 0.005794600004446693
1754 0.005629259996931068
1755 0.005613839995930903
1756 0.005634360000840388
1757 0.00571058000496123
1758 0.005433119999361224
1759 0.00549802000168711
1760 0.00549903999781236
1761 0.00541635999979917
1762 0.005600459998822771
1763 0.005547939994721673
1764 0.0053809400007594375
1765 0.00546504000085406
1766 0.005526779996580444
1767 0.005766120000043884
1768 0.005770159998792224
1769 0.0058102400013012815
1770 0.005609279999043792
1771 0.005774239997845143
1772 0.005691859999205917
1773 0.0057361999992281195
1774 0.005806079998728819
1775 0.005737880000378936
1776 0.005778079997980967
1777 0.005791319999843836
1778 0.005781280001974665
1779 0.005807059997459873
1780 0.005777439996018074
1781 0.0058115799998631704
1782 0.005689219996565953
1783 0.005706259998260066
1784 0.005915399998775684
1785 0.005766519997268915
1786 0.005783139998675324
1787 0.0058328199986135585
1788 0.005867480003507808
1789 0.005831620001117699
1790 0.005769740001414903
1791 0.005744599996251054
1792 0.005929920004564338
1793 0.005794460003380663
1794 0.005885219998890534
1795 0.005803139999625273
1796 0.0059244800009764734
1797 0.005836199998157099
1798 0.005908779997844249
1799 0.005757619999349118
1800 0.005832160002319143
1801 0.006076379999285564
1802 0.005793959999573417
1803 0.005779659998370335
1804 0.00588199999765493
1805 0.0058583600010024385
1806 0.005806559999473393
1807 0.0057990799949038776
1808 0.005686380001134239
1809 0.0060472599987406285
1810 0.0058950199949322265
1811 0.005831340001896024
1812 0.005810700001893565
1813 0.0059621999971568584
1814 0.005822939999052324
1815 0.005807299999287352
1816 0.005858459995943121
1817 0.005796780000673607
1818 0.005978199996752665
1819 0.005795400001807139
1820 0.0060061599971959366
1821 0.0059257000015350055
1822 0.0058684199990239
1823 0.006080759997712448
1824 0.006418639994808473
1825 0.006264659995213151
1826 0.006102640001336113
1827 0.00583426000084728
1828 0.005660360000911168
1829 0.005700599995907396
1830 0.005766159997438081
1831 0.005720340003608726
1832 0.005685559997800738
1833 0.005722999997669831
1834 0.005748400001903064
1835 0.005767880004714243
1836 0.005867319999379106
1837 0.005716580001171678
1838 0.005695239995839074
1839 0.0058142400026554245
1840 0.005675640000845306
1841 0.005867080000462011
1842 0.005785640000249259
1843 0.005900679997284897
1844 0.005745059999753721
1845 0.005729599995538593
1846 0.0057739000039873645
1847 0.00572027999733109
1848 0.005793059998541139
1849 0.0058590199972968545
1850 0.006009799995808862
1851 0.0058558000047923995
1852 0.005894040002021939
1853 0.005818180003552697
1854 0.005951699998695404
1855 0.006206500006373972
1856 0.006113779998850077
1857 0.005963820003671572
1858 0.005942740000318736
1859 0.006012639997061342
1860 0.006095640000421554
1861 0.00603671999706421
1862 0.006065040003159083
1863 0.006055140000535175
1864 0.006076700001722201
1865 0.006001760001527146
1866 0.006172180001158267
1867 0.006043740001041442
1868 0.006010800006333738
1869 0.006162559997756034
1870 0.00590251999674365
1871 0.005858559999614954
1872 0.005938399996375665
1873 0.005844260001322254
1874 0.006012580002425239
1875 0.006203060003463179
1876 0.006180500000482425
1877 0.006018600004608743
1878 0.00606508000055328
1879 0.006023360000108368
1880 0.00604581999941729
1881 0.006348379995324649
1882 0.006041980002191849
1883 0.006109120001201518
1884 0.006206420002854429
1885 0.006212980000418611
1886 0.006255460000829771
1887 0.0061260399990715085
1888 0.006159639998804778
1889 0.006162719998974353
1890 0.006113319998257793
1891 0.006096240002079867
1892 0.006086299999151379
1893 0.006110620000981726
1894 0.006186740004341118
1895 0.006053600003360771
1896 0.006043180002598092
1897 0.006040379998739809
1898 0.006303499999921769
1899 0.006094980001216754
1900 0.006144119999953545
1901 0.006224860000656918
1902 0.006407899997429922
1903 0.006403879995923489
1904 0.006298679998144508
1905 0.0060396399989258494
1906 0.00601800000295043
1907 0.006012079998617992
1908 0.006097459996817633
1909 0.006088920004549437
1910 0.005972920000203885
1911 0.006026880003628321
1912 0.006387700000777841
1913 0.006313679993036203
1914 0.006236700000590645
1915 0.006424219999462366
1916 0.006307019997620955
1917 0.006403059998410754
1918 0.006442459998652339
1919 0.006248420002521016
1920 0.006284640001831576
1921 0.006311620000633411
1922 0.006255059997783974
1923 0.006250020003062673
1924 0.00619675999332685
1925 0.006299660002696328
1926 0.006261779996566475
1927 0.006338979999418371
1928 0.0061837200017180296
1929 0.006285400001797825
1930 0.006448079994879663
1931 0.0064031200017780066
1932 0.006377979996614158
1933 0.0064395399967907
1934 0.006387739995261654
1935 0.006457699995371513
1936 0.006260919998749159
1937 0.006292379999649711
1938 0.0063929400028428065
1939 0.0063609999982872974
1940 0.006312259999685921
1941 0.00637768000306096
1942 0.006410660000983626
1943 0.0062429799989331515
1944 0.006362620001891628
1945 0.006589059997349977
1946 0.006449639998027124
1947 0.006482560007134453
1948 0.006369419998372905
1949 0.006577320001088083
1950 0.006376920000184328
1951 0.0064255400036927314
1952 0.006392580000101589
1953 0.006323940001311712
1954 0.006363499999861233
1955 0.006414719999884255
1956 0.006309419998433441
1957 0.006369339994853363
1958 0.006495660002110526
1959 0.006425860000308603
1960 0.006337400004849769
1961 0.0064477000007173045
1962 0.006308620001072995
1963 0.006422099997871555
1964 0.006676819996209815
1965 0.006525819996022619
1966 0.006465479999314993
1967 0.006490640001720749
1968 0.006423080002423376
1969 0.006547359994146973
1970 0.006433860003016889
1971 0.00647519999765791
1972 0.006422139998176135
1973 0.00645310000400059
1974 0.0065877800021553416
1975 0.006548160000238568
1976 0.006384640000760555
1977 0.0065035999985411765
1978 0.006422020000172779
1979 0.006444419996114448
1980 0.006620919998385944
1981 0.0065928199997870255
1982 0.006894399999873712
1983 0.006851959996856749
1984 0.0065562199975829575
1985 0.006473659997573123
1986 0.0064528000046266245
1987 0.006473419998656027
1988 0.006437559999176301
1989 0.006503859997610562
1990 0.006422620001831092
1991 0.006606939999619499
1992 0.006612039997708053
1993 0.00656528000254184
1994 0.006629480002447963
1995 0.006684600003063678
1996 0.00655405999859795
1997 0.00667482000135351
1998 0.0065528400009498
1999 0.006515420001232996
2000 0.006613739999011159
2001 0.006487899998319335
2002 0.006797480001114309
2003 0.006564099999377504
2004 0.006603740001446567
2005 0.006659659999422729
2006 0.006830540002556518
2007 0.006858560000546276
2008 0.006675300002098083
2009 0.0065454600029624995
2010 0.0068406600010348486
2011 0.006589080000412651
2012 0.006575040001189336
2013 0.006532899994635954
2014 0.006658720000996254
2015 0.006531900004483759
2016 0.006629560000146739
2017 0.006558260001474992
2018 0.006567219999851659
2019 0.0066859399987151845
2020 0.007003280002390966
2021 0.006711560004623607
2022 0.006685720002860762
2023 0.006724460000987165
2024 0.006606819995795377
2025 0.006904979998944327
2026 0.00683075999841094
2027 0.006799720000708475
2028 0.0067138400016119705
2029 0.006703780003590509
2030 0.006762519996846095
2031 0.00689045999897644
2032 0.006823079995228909
2033 0.0067498399992473425
2034 0.006736400001682341
2035 0.006674699997529387
2036 0.00672916000476107
2037 0.006614660000195727
2038 0.006858179997652769
2039 0.006730840003001504
2040 0.006820500001776963
2041 0.006842559998040088
2042 0.006705880002118647
2043 0.006842620004317723
2044 0.006729439995251596
2045 0.006811380002181977
2046 0.006833179999375716
2047 0.006730880000395701
2048 0.006768040006863885
2049 0.006752320006489754
2050 0.006687759998021648
2051 0.006861759998719208
2052 0.006735659996047616
2053 0.006661339997663163
2054 0.006789380003465339
2055 0.006933039997238666
2056 0.006690559998969547
2057 0.006804759998340159
2058 0.006787980001536198
2059 0.006848819996230304
