1 2.4200009647756817e-06
2 1.4799967175349594e-06
3 4.480002098716796e-06
4 1.4799967175349594e-06
5 1.5400000847876072e-06
6 1.6399979358538986e-06
7 1.7399986973032356e-06
8 1.8799997633323074e-06
9 2.0000006770715117e-06
10 2.1800020476803184e-06
11 2.2400025045499204e-06
12 2.360003418289125e-06
13 2.5199929950758816e-06
14 2.6199908461421727e-06
15 2.7199916075915097e-06
16 2.8799957362934945e-06
17 2.9999966500326993e-06
18 3.0999974114820363e-06
19 3.220001235604286e-06
20 3.3000018447637557e-06
21 3.4999975468963385e-06
22 3.640001523308456e-06
23 3.7800025893375276e-06
24 3.940000897273421e-06
25 3.960001049563289e-06
26 4.259997513145208e-06
27 4.340003943070769e-06
28 4.519990761764348e-06
29 4.660003469325602e-06
30 1.076000335160643e-05
31 8.87999776750803e-06
32 9.140002657659351e-06
33 1.2000001152046025e-05
34 8.71999654918909e-06
35 5.580004653893411e-06
36 5.760000203736127e-06
37 5.820000660605729e-06
38 6.1199942138046025e-06
39 6.200000643730163e-06
40 6.359998951666057e-06
41 6.439993740059435e-06
42 6.739998934790492e-06
43 6.9200003053992985e-06
44 6.980000762268901e-06
45 7.139999070204794e-06
46 7.34000641386956e-06
47 7.43999844416976e-06
48 7.840001489967108e-06
49 8.020002860575915e-06
50 7.979996735230088e-06
51 8.319996413774789e-06
52 8.340002386830747e-06
53 8.58000130392611e-06
54 8.6199986981228e-06
55 8.839997462928295e-06
56 9.019998833537101e-06
57 9.199997293762863e-06
58 9.220003266818822e-06
59 9.619997581467032e-06
60 9.619997581467032e-06
61 9.819999104365706e-06
62 1.0120001388713717e-05
63 1.032000291161239e-05
64 1.0539995855651796e-05
65 1.8039997667074203e-05
66 1.086000120267272e-05
67 1.0959996143355965e-05
68 1.1240001185797155e-05
69 1.1300001642666756e-05
70 1.1680001625791192e-05
71 1.1759999324567616e-05
72 1.196000084746629e-05
73 1.1939997784793377e-05
74 1.2159999459981919e-05
75 1.2199999764561653e-05
76 1.2560002505779267e-05
77 1.2599999899975956e-05
78 2.0280000171624124e-05
79 1.3140004011802375e-05
80 1.3319999561645091e-05
81 1.3339999713934959e-05
82 1.3879998004995286e-05
83 2.0879998919554056e-05
84 1.4039999223314226e-05
85 1.432000135537237e-05
86 1.8540004384703933e-05
87 1.4600000577047468e-05
88 2.2119999630376697e-05
89 1.5119998715817929e-05
90 1.5060001169331372e-05
91 1.5259999781847e-05
92 1.5440001152455807e-05
93 1.5480001457035543e-05
94 1.6360002337023617e-05
95 1.6220001270994544e-05
96 1.6319993301294743e-05
97 1.644000003580004e-05
98 2.3540001711808146e-05
99 2.0720000611618163e-05
100 1.6999998479150236e-05
101 1.726000045891851e-05
102 1.7340001068077982e-05
103 3.178000042680651e-05
104 1.910000282805413e-05
105 1.7939996905624866e-05
106 1.8080000882036983e-05
107 2.555999963078648e-05
108 2.106000029016286e-05
109 1.860000193119049e-05
110 2.573999809101224e-05
111 1.9179997616447507e-05
112 1.939999929163605e-05
113 1.944000250659883e-05
114 1.9759996212087573e-05
115 2.2640000679530203e-05
116 2.027999726124108e-05
117 2.0119998953305186e-05
118 2.023999986704439e-05
119 2.0700000459328293e-05
120 2.3380000493489204e-05
121 2.1080003352835775e-05
122 2.0959999528713524e-05
123 2.8840004233643413e-05
124 3.578000178094953e-05
125 2.1899997955188154e-05
126 2.1960001322440804e-05
127 2.2079996415413917e-05
128 2.1920001017861068e-05
129 2.2119996719993652e-05
130 2.2799996077083052e-05
131 2.249999961350113e-05
132 2.266000083182007e-05
133 2.2899999748915434e-05
134 2.295999729540199e-05
135 2.3159998818300664e-05
136 2.367999404668808e-05
137 2.367999986745417e-05
138 3.45600041327998e-05
139 2.394000766798854e-05
140 2.419999800622463e-05
141 2.4500000290572643e-05
142 2.4679998750798406e-05
143 2.4599998141638935e-05
144 2.5200002710334957e-05
145 2.5439998717047273e-05
146 2.8779995045624673e-05
147 2.5540002388879658e-05
148 2.5839998852461576e-05
149 2.586000191513449e-05
150 2.6300005265511574e-05
151 3.422000154387206e-05
152 3.989999822806567e-05
153 2.676000294741243e-05
154 2.699999895412475e-05
155 2.691999834496528e-05
156 2.756000030785799e-05
157 2.7999994927085936e-05
158 2.7880005654878913e-05
159 2.8060004115104676e-05
160 2.8340000426396728e-05
161 2.8479998582042755e-05
162 2.863999688997865e-05
163 2.9020002693869172e-05
164 2.9140000697225334e-05
165 2.9279998852871358e-05
166 2.940000267699361e-05
167 2.9660004656761885e-05
168 2.961999853141606e-05
169 3.011999651789665e-05
170 3.043999895453453e-05
171 3.0360001255758105e-05
172 3.082000184804201e-05
173 3.096000000368804e-05
174 3.1360003049485385e-05
175 3.897999995388091e-05
176 3.142000059597194e-05
177 3.142000059597194e-05
178 3.173999721184373e-05
179 3.177999751642346e-05
180 3.2359999022446575e-05
181 6.130000110715628e-05
182 3.321999975014478e-05
183 3.288000007160008e-05
184 3.3280000207014385e-05
185 3.389999910723418e-05
186 3.365999727975577e-05
187 3.370000049471855e-05
188 3.386000171303749e-05
189 3.4120003692805764e-05
190 3.683999821078032e-05
191 3.449999785516411e-05
192 3.496000135783106e-05
193 3.480000013951212e-05
194 3.536000440362841e-05
195 3.573999856598675e-05
196 3.579999902285636e-05
197 3.5860002390109004e-05
198 3.623999946285039e-05
199 3.632000298239291e-05
200 3.646000404842198e-05
201 3.675999760162085e-05
202 3.7120000342838466e-05
203 3.709999145939946e-05
204 3.735999634955078e-05
205 4.193999920971691e-05
206 3.761999541893601e-05
207 3.814000228885561e-05
208 3.795999800786376e-05
209 3.815999953076244e-05
210 3.881999873556197e-05
211 3.8700000732205805e-05
212 3.906000638380647e-05
213 4.652000206988305e-05
214 4.736000555567443e-05
215 3.7219992373138665e-05
216 4.0220003575086595e-05
217 3.768000169657171e-05
218 3.7900000461377206e-05
219 5.2220001816749575e-05
220 3.8300000596791506e-05
221 3.84599989047274e-05
222 3.8780001341365276e-05
223 5.843999679200351e-05
224 4.528000135906041e-05
225 3.938000299967826e-05
226 3.920000162906945e-05
227 5.9120001969859005e-05
228 5.2979998872615394e-05
229 4.239999980200082e-05
230 4.2840006062760946e-05
231 6.600000197067856e-05
232 4.339999577496201e-05
233 4.3279997771605847e-05
234 5.86600013775751e-05
235 4.408000386320054e-05
236 4.4859995250590144e-05
237 4.143999831285328e-05
238 4.940000071655959e-05
239 4.228000179864466e-05
240 4.207999736536294e-05
241 4.2279998888261615e-05
242 5.52600045921281e-05
243 4.5680004404857755e-05
244 4.287999763619155e-05
245 4.332000098656863e-05
246 4.3979997280985116e-05
247 4.3719998211599885e-05
248 4.3720001121982933e-05
249 4.391999973449856e-05
250 5.649999948218465e-05
251 4.734000249300152e-05
252 4.457999602891505e-05
253 4.4720002915710214e-05
254 6.540000031236559e-05
255 4.531999584287405e-05
256 4.4640005216933784e-05
257 4.478000046219677e-05
258 6.917999417055398e-05
259 4.551999736577272e-05
260 4.558000364340842e-05
261 7.44400022085756e-05
262 4.6020004083402456e-05
263 4.6079998719505964e-05
264 5.268000531941652e-05
265 4.653999931178987e-05
266 4.670000053010881e-05
267 4.697999975178391e-05
268 5.732000281568617e-05
269 4.731999651994556e-05
270 4.748000355903059e-05
271 4.7600001562386754e-05
272 5.879999953322113e-05
273 4.820000322069973e-05
274 4.8439999227412044e-05
275 5.5459997383877635e-05
276 6.324000132735818e-05
277 4.847999953199178e-05
278 4.888000257778913e-05
279 5.2280002273619174e-05
280 4.953999887220561e-05
281 4.958000208716839e-05
282 5.6939994101412596e-05
283 5.018000374548137e-05
284 5.0220001139678064e-05
285 5.0439994083717465e-05
286 7.96000036643818e-05
287 5.063999851699919e-05
288 5.101999558974057e-05
289 6.618000043090433e-05
290 5.156000261195004e-05
291 5.14600018505007e-05
292 6.950000242795795e-05
293 5.232000257819891e-05
294 5.238000012468547e-05
295 5.955999076832086e-05
296 5.251999828033149e-05
297 5.3100002696737646e-05
298 5.303999641910195e-05
299 5.9960002545267344e-05
300 5.368000129237771e-05
301 5.359999777283519e-05
302 6.0560001293197276e-05
303 5.395999469328672e-05
304 5.4280000040307644e-05
305 6.363999855238945e-05
306 5.5140003678388896e-05
307 5.5279993102885785e-05
308 6.196000322233886e-05
309 5.521999846678227e-05
310 5.5500000598840415e-05
311 5.582000012509525e-05
312 7.062000222504138e-05
313 5.635999841615558e-05
314 5.6240003323182465e-05
315 8.555999957025052e-05
316 5.6939999922178686e-05
317 6.383999716490507e-05
318 5.710000114049763e-05
319 5.7340000057592985e-05
320 6.0999998822808266e-05
321 6.090000097174198e-05
322 5.790000141132623e-05
323 5.828000139445067e-05
324 6.521999312099069e-05
325 5.86600013775751e-05
326 5.8739999076351523e-05
327 6.332000193651766e-05
328 5.941999552305788e-05
329 5.9440001496113834e-05
330 7.439999899361283e-05
331 5.9960002545267344e-05
332 5.9959999634884295e-05
333 6.306000286713243e-05
334 6.060000159777701e-05
335 6.462000019382685e-05
336 6.329999887384474e-05
337 6.130000110715628e-05
338 7.364000193774701e-05
339 6.411999929696321e-05
340 6.208000122569502e-05
341 8.87800008058548e-05
342 6.196000031195581e-05
343 6.23999978415668e-05
344 6.935999845154583e-05
345 6.265999982133508e-05
346 6.317999796010554e-05
347 7.806000066921115e-05
348 6.31399976555258e-05
349 7.160000095609575e-05
350 6.379999977070838e-05
351 6.378000252880157e-05
352 7.072000007610769e-05
353 6.434000097215176e-05
354 6.476000125985593e-05
355 7.173999911174178e-05
356 6.525999924633652e-05
357 6.521999894175679e-05
358 7.209999894257635e-05
359 6.583999784197659e-05
360 8.020000241231174e-05
361 6.605999951716512e-05
362 6.616000027861446e-05
363 8.745999948587269e-05
364 6.664000102318823e-05
365 7.504000095650553e-05
366 8.450000023003667e-05
367 6.765999714843928e-05
368 7.413999701384455e-05
369 6.72199996188283e-05
370 7.625999860465527e-05
371 7.103999960236251e-05
372 6.80199998896569e-05
373 7.517999911215157e-05
374 6.882000016048551e-05
375 6.888000352773815e-05
376 7.591999892611056e-05
377 6.90999993821606e-05
378 8.699999889358879e-05
379 7.001999765634536e-05
380 6.99399970471859e-05
381 0.00013041999482084067
382 7.78199959313497e-05
383 7.036000315565615e-05
384 7.099999638739973e-05
385 8.290000259876251e-05
386 7.112000021152199e-05
387 9.146000375039875e-05
388 8.614000107627362e-05
389 7.207999879028648e-05
390 8.191999804694206e-05
391 7.224000000860542e-05
392 9.368000610265881e-05
393 7.246000168379397e-05
394 8.906000002752989e-05
395 7.574000046588481e-05
396 7.756000268273055e-05
397 8.494000067003072e-05
398 7.355999841820448e-05
399 7.701999857090414e-05
400 7.369999948423356e-05
401 9.62200021604076e-05
402 7.467999821528793e-05
403 8.161999867297708e-05
404 7.488000555895269e-05
405 7.516000187024474e-05
406 9.371999767608941e-05
407 7.58999987738207e-05
408 0.00010494000161997974
409 7.589999586343765e-05
410 9.011999936774373e-05
411 7.674000225961208e-05
412 9.330000029876828e-05
413 8.34999984363094e-05
414 7.696000393480063e-05
415 8.030000026337802e-05
416 7.776000420562923e-05
417 9.574000141583383e-05
418 7.809999515302479e-05
419 0.00010539999639149755
420 7.818000158295035e-05
421 8.778000192251056e-05
422 8.373999444302171e-05
423 8.418000361416489e-05
424 8.428000146523117e-05
425 9.204000525642186e-05
426 8.43600049847737e-05
427 8.467999869026244e-05
428 0.0001064799987943843
429 8.549999620299786e-05
430 9.277999633923173e-05
431 8.585999894421548e-05
432 8.636000275146216e-05
433 8.646000060252845e-05
434 8.660000166855752e-05
435 8.646000060252845e-05
436 8.669999660924078e-05
437 8.676000288687646e-05
438 8.722000347916037e-05
439 8.738000178709626e-05
440 8.779999625403434e-05
441 8.781999640632421e-05
442 9.586000232957304e-05
443 8.671999967191368e-05
444 9.500000160187483e-05
445 8.669999660924078e-05
446 8.36799998069182e-05
447 0.0001174800010630861
448 9.125999640673399e-05
449 8.456000068690628e-05
450 9.272000170312822e-05
451 9.526000067126006e-05
452 9.183999500237406e-05
453 8.540000417269766e-05
454 8.518000540789217e-05
455 0.00010571999882813543
456 8.570000354666263e-05
457 9.371999767608941e-05
458 8.678000303916634e-05
459 9.367999737150968e-05
460 8.716000011190772e-05
461 9.373999491799623e-05
462 8.717999735381454e-05
463 0.00010195999348070473
464 8.717999444343149e-05
465 0.00011721999908331782
466 8.824000251479447e-05
467 0.000103399992804043
468 8.872000616975129e-05
469 9.585999650880694e-05
470 8.932000200729817e-05
471 0.00011086000304203481
472 9.385999583173543e-05
473 8.960000122897327e-05
474 9.781999979168177e-05
475 9.300000092480332e-05
476 9.717999782878905e-05
477 9.037999843712896e-05
478 0.00010256000095978379
479 9.710000304039568e-05
480 0.00010575999913271516
481 9.161999914795161e-05
482 0.0001172600022982806
483 0.00010918000480160117
484 0.0001012600027024746
485 9.250000002793967e-05
486 0.000100020004902035
487 9.290000307373702e-05
488 9.992000414058567e-05
489 9.295999770984054e-05
490 0.00011396000336389988
491 0.00010391999967396259
492 0.00010050000273622572
493 0.00011691999970935285
494 9.986000368371606e-05
495 0.00010752000089269132
496 0.00010008000244852156
497 0.00011540000268723815
498 0.0001289399981033057
499 0.00010071999859064817
500 0.00011211999808438122
501 0.00010184000129811465
502 0.00010905999806709588
503 0.00010915999882854521
504 0.00010212000051978976
505 0.00010996000200975686
506 0.00010295999818481505
507 0.00011053999769501388
508 0.00010322000598534941
509 0.00011041999969165772
510 0.00011654000263661146
511 0.00010784000041894615
512 0.00011630000080913306
513 0.00010304000170435756
514 0.0001244999992195517
515 0.00011050000321120024
516 0.00010387999936938286
517 0.00011064000136684626
518 0.00010397999722044915
519 0.00011147999903187156
520 0.00010460000485181808
521 0.00011940000113099813
522 0.00010881999915000052
523 0.00010577999928500504
524 0.00011365999525878579
525 0.00010565999837126583
526 0.00011288000387139618
527 0.00011703999771270902
528 0.00011018000077456236
529 0.00012719999940600247
530 0.00010712000075727702
531 0.00012110000243410468
532 0.00011775999737437815
533 0.00010727999906521291
534 0.00011528000177349896
535 0.00010844000207725913
536 0.00011711999832186848
537 0.00011566000175662338
538 0.00010888000251725316
539 0.00011641999881248922
540 0.00010967999696731567
541 0.00012350000033620745
542 0.00012397999817039817
543 0.00010985999833792448
544 0.0001277600007597357
545 0.0001178800011985004
546 0.00011088000028394162
547 0.00011825999827124179
548 0.00011111999629065394
549 0.00011894000053871422
550 0.00012544000055640935
551 0.00011191999947186559
552 0.00011900000099558383
553 0.00011955999943893402
554 0.0001122599991504103
555 0.0001197600009618327
556 0.00011354000307619571
557 0.00012755999923683703
558 0.00013399999879766257
559 0.00011323999788146467
560 0.00012884000316262245
561 0.0001281000004382804
562 0.00011433999752625823
563 0.00012834000226575882
564 0.000122079998254776
565 0.00011487999872770161
566 0.00012276000343263148
567 0.0001226399966981262
568 0.00011592000082600862
569 0.00013937999901827424
570 0.00012432000075932593
571 0.00011635999835561961
572 0.0001302999968174845
573 0.00012446000182535498
574 0.00011759999906644226
575 0.00012491999659687282
576 0.00012125999783165752
577 0.00011826000118162484
578 0.000132020004093647
579 0.00011839999933727086
580 0.00011906000145245343
581 0.00011919999960809946
582 0.00011625999468378723
583 0.00011837999918498098
584 0.00012719999940600247
585 0.00011260000173933804
586 0.00013935999886598437
587 0.00012818000104743987
588 0.00012734000047203152
589 0.00012801999691873788
590 0.00012134000135120005
591 0.00013386000355239958
592 0.0001287199993385002
593 0.0001338399975793436
594 0.0001344399992376566
595 0.00012507999781519175
596 0.00013465999800246208
597 0.0001360399997793138
598 0.00012989999959245324
599 0.00014512000198010355
600 0.00014236000424716622
601 0.00012660000356845558
602 0.00012397999817039817
603 0.00012367999879643322
604 0.0001362599985441193
605 0.0001422399975126609
606 0.00013734000094700605
607 0.00012641999928746371
608 0.00013856000150553883
609 0.00013171999889891595
610 0.00014441999956034125
611 0.00016442000051029027
612 0.00015347999578807503
613 0.0001397199957864359
614 0.00013651999761350454
615 0.00013979999639559537
616 0.0001402199995936826
617 0.00014103999710641802
618 0.00013673999928869306
619 0.00014105999725870787
620 0.00014803999802097677
621 0.00013130000443197786
622 0.00014228000363800675
623 0.0001567000028444454
624 0.00013887999812141062
625 0.00013865999644622207
626 0.00013694000081159173
627 0.00013744000170845538
628 0.0001541200006613508
629 0.0001366399956168607
630 0.0001410800003213808
631 0.00015824000001884997
632 0.00014476000214926898
633 0.0001375799940433353
634 0.00015207999967969954
635 0.00016619999951217324
636 0.00016085999959614128
637 0.00014640000299550592
638 0.00014067999727558346
639 0.0001462599990190938
640 0.00014691999822389335
641 0.00015463999880012126
642 0.0001616200024727732
643 0.00014631999947596342
644 0.00013419999449979514
645 0.00014798000338487328
646 0.00016727999900467694
647 0.0001556999981403351
648 0.00015269999857991934
649 0.0001527799991890788
650 0.00016094000602606684
651 0.00014976000238675624
652 0.0001575199974467978
653 0.000150100004975684
654 0.00015014000236988068
655 0.0001576799957547337
656 0.00016095999453682452
657 0.00015823999710846693
658 0.00015145999495871365
659 0.0001378599990857765
660 0.00015486000338569284
661 0.000146100006531924
662 0.00016043999639805406
663 0.0001534000039100647
664 0.00013882000057492406
665 0.00014645999763160945
666 0.00013912000285927207
667 0.00015641999780200422
668 0.000139119999948889
669 0.00013961999502498657
670 0.00013991999730933458
671 0.00014714000280946493
672 0.00014066000003367662
673 0.00015129999956116081
674 0.00014127999893389642
675 0.00014005999837536366
676 0.00013729999773204327
677 0.0001362200011499226
678 0.00014801999786868693
679 0.00016303999873343856
680 0.00014955999795347453
681 0.00013403999910224229
682 0.00015013999945949762
683 0.0001408599957358092
684 0.00014176000258885323
685 0.00013500000059138984
686 0.0001422200002707541
687 0.00014298000023700298
688 0.00015098000003490596
689 0.00013618000084534288
690 0.0001502999977674335
691 0.00016531999863218517
692 0.0001589400024386123
693 0.00014398000203073025
694 0.000137060004635714
695 0.00014072000049054624
696 0.00014930000470485537
697 0.0001522599981399253
698 0.00013804000336676837
699 0.00014526000013574957
700 0.00014186000043991953
701 0.00015524000045843422
702 0.00014718000893481075
703 0.0001573200075654313
704 0.0001543599966680631
705 0.00015332000039052217
706 0.00014657999854534866
707 0.00014435999910347163
708 0.00014066000294405968
709 0.00014697999868076294
710 0.0001477800018619746
711 0.00015622000501025468
712 0.0001411800069035962
713 0.00017269999952986836
714 0.00016731999930925668
715 0.0001482199993915856
716 0.00014855999615974723
717 0.00014709999959450215
718 0.00014321999624371528
719 0.0001580599957378581
720 0.00015141999465413393
721 0.00015008000482339413
722 0.00014357999607454984
723 0.00015122000477276742
724 0.00015656000177841634
725 0.00017490000172983854
726 0.00015935999981593342
727 0.00015189999830909074
728 0.00014473999908659607
729 0.00015268000424839556
730 0.0001518800010671839
731 0.00015206000243779273
732 0.00016095999744720758
733 0.00014594000531360508
734 0.00016087999974843115
735 0.00016073999577201903
736 0.00017586000030860304
737 0.00015346000727731735
738 0.00015602000057697297
739 0.00014781999925617129
740 0.0001543199992738664
741 0.00016290000057779254
742 0.00015560000319965185
743 0.00015514000260736794
744 0.00015274000179488212
745 0.0001482199935708195
746 0.00015962000179570168
747 0.00017097999807447195
748 0.00016787999484222383
749 0.0001567799976328388
750 0.0001567400002386421
751 0.00014959999534767122
752 0.00015736000204924494
753 0.00015745999698992818
754 0.00015774000203236938
755 0.00016633999475743622
756 0.00016663999995216727
757 0.00015150000399444252
758 0.00017810000281315297
759 0.00015857999969739466
760 0.00015869999479036778
761 0.00015906000044196844
762 0.00016736000252421946
763 0.00016001999902073293
764 0.0001531599962618202
765 0.0001597400027094409
766 0.00016105999820865692
767 0.00016742000007070602
768 0.0001909400016302243
769 0.0001692400051979348
770 0.0001719399995636195
771 0.00016184000123757868
772 0.00015488000062759965
773 0.0001628800033358857
774 0.00016385999915655703
775 0.00016211999754887075
776 0.00016638000088278204
777 0.00017072000191546975
778 0.00018326000426895916
779 0.00016313999658450483
780 0.00015631999995093792
781 0.00016417999577242882
782 0.00016427999653387815
783 0.0001744600012898445
784 0.00017185999895446001
785 0.00016471999988425522
786 0.00016462000203318894
787 0.00017605999892111868
788 0.00015915999538265168
789 0.00018825999868568032
790 0.0001741800020681694
791 0.0001674599974649027
792 0.000166400006855838
793 0.00016701999702490867
794 0.0001674599974649027
795 0.00016671999474056066
796 0.00017847999988589435
797 0.0001721600041491911
798 0.00016353999963030218
799 0.00019002000044565648
800 0.00016918000183068215
801 0.00017162000003736466
802 0.00016881999908946455
803 0.00018737999780569226
804 0.00017603999585844577
805 0.00018723999965004624
806 0.00018588000093586743
807 0.00019534000020939856
808 0.00019518000190146267
809 0.00018797999946400522
810 0.00018776000069919974
811 0.00018186000233981757
812 0.000181200000224635
813 0.000181940000038594
814 0.00018198000034317375
815 0.00018951999954879283
816 0.00018223999650217592
817 0.00019022000196855515
818 0.0001824999984819442
819 0.00018298000213690102
820 0.00018382000271230937
821 0.00019097999611403794
822 0.00018480000144336373
823 0.00018354000058025123
824 0.0001839800039306283
825 0.00019308000046294182
826 0.00020394000166561453
827 0.00019546000112313777
828 0.00019219999958295376
829 0.00018462000007275493
830 0.00018677999905776234
831 0.00018593999557197093
832 0.00018588000093586743
833 0.00019076000025961549
834 0.00018703999812714757
835 0.00018971999816130847
836 0.0001912200008518994
837 0.00018860000127460808
838 0.00018751999887172132
839 0.000191580003593117
840 0.00019208000157959758
841 0.00018865999591071158
842 0.00018860000418499112
843 0.00018568000523373486
844 0.0001817800017306581
845 0.00019867999653797597
846 0.00019019999890588224
847 0.00018298000504728406
848 0.00018439999839756638
849 0.00018350000318605452
850 0.00018378000240772962
851 0.00019181999959982932
852 0.00018378000240772962
853 0.00018524000188335776
854 0.00019950000278186054
855 0.00018531999667175113
856 0.00018638000183273106
857 0.00018971999816130847
858 0.00018213999865110964
859 0.00017496000218670816
860 0.00017615999677218498
861 0.00017586000030860304
862 0.00018288000137545168
863 0.00021502000163309276
864 0.00018392000056337564
865 0.00018365999858360738
866 0.0001874800043879077
867 0.00018131999822799117
868 0.0001965200004633516
869 0.00018038000271189958
870 0.00019521999929565935
871 0.0002065399952698499
872 0.0001841400022385642
873 0.00018532000249251723
874 0.00019378000288270414
875 0.000186240000766702
876 0.00018540000019129366
877 0.00018600000184960664
878 0.00018510000081732868
879 0.00018680000503081828
880 0.00020949999743606894
881 0.00018643999937921761
882 0.0001836600014939904
883 0.00018890000064857303
884 0.0001875399990240112
885 0.00018828000174835323
886 0.00021157999872229994
887 0.00018976000137627125
888 0.00018915999971795826
889 0.00021197999885771423
890 0.00018274000321980566
891 0.00018305999983567745
892 0.00019069999689236283
893 0.00018288000137545168
894 0.00018315999768674373
895 0.00018372000195086003
896 0.0001845599996158853
897 0.0001917400019010529
898 0.0002176200010580942
899 0.00018826000741682946
900 0.00019161999807693064
901 0.00019171999883837998
902 0.00019159999792464077
903 0.00020018000213894993
904 0.00019325999892316759
905 0.0001923000003444031
906 0.00021955999836791306
907 0.00019314000091981144
908 0.000194980000378564
909 0.0002007999981287867
910 0.00019396000425331295
911 0.00019369999936316162
912 0.00019431999826338142
913 0.00019669999892357737
914 0.0002198000031057745
915 0.00019480000191833823
916 0.00020278000156395137
917 0.00020477999933063984
918 0.00019558000203687698
919 0.00019563999667298048
920 0.0002076400036457926
921 0.00019773999811150133
922 0.000204459999804385
923 0.00021922000159975142
924 0.00019666000152938068
925 0.00019773999811150133
926 0.00021272000158205627
927 0.00019965999817941337
928 0.00021343999833334237
929 0.00019879999745171518
930 0.00020648000354412944
931 0.00023179999843705445
932 0.00021917999838478864
933 0.00020601999422069638
934 0.00020555999653879554
935 0.00020528000313788653
936 0.0002279800013639033
937 0.00020631999941542745
938 0.0002062799991108477
939 0.0002135800023097545
940 0.00020551999914459885
941 0.00020839999488089233
942 0.00021534000115934758
943 0.000206540001090616
944 0.0002072200004477054
945 0.00020794000301975756
946 0.00022592000314034522
947 0.00022541999642271547
948 0.00020964000141248106
949 0.00020897999929729848
950 0.0002087200031382963
951 0.0002092399983666837
952 0.00020926000142935665
953 0.0002174600027501583
954 0.0002183399978093803
955 0.00022451999539043754
956 0.00021019999403506517
957 0.00021084000181872397
958 0.00021854000515304507
959 0.00021069999493192882
960 0.00023930000024847687
961 0.00021980000019539148
962 0.00023613999655935913
963 0.00020663999894168227
964 0.00020645999757107347
965 0.00020652000093832613
966 0.0002067800029180944
967 0.0002074999996693805
968 0.00023058000078890473
969 0.00022052000276744365
970 0.0002300400024978444
971 0.0002082399994833395
972 0.00020482000545598566
973 0.00021986000065226107
974 0.00023643999884370714
975 0.00020908000005874782
976 0.00020933999912813305
977 0.00021680000063497573
978 0.00023435999755747617
979 0.00020447999704629183
980 0.0002056199999060482
981 0.00020398000197019428
982 0.00020469999872148038
983 0.00022089999984018505
984 0.00020450000592973084
985 0.0002117200056090951
986 0.00022741999418940395
987 0.0002057000034255907
988 0.0002165400015655905
989 0.00022060000046622008
990 0.00020667999633587896
991 0.0002078000019537285
992 0.00020663999894168227
993 0.00021342000109143556
994 0.0002380799996899441
995 0.00021426000166684388
996 0.00021439999982248993
997 0.00021436000242829322
998 0.000214679999044165
999 0.00022976000036578625
1000 0.00021498000132851302
1001 0.00023849999997764825
1002 0.00021937999699730426
1003 0.00022358000278472901
1004 0.0002311200019903481
1005 0.0002163399971323088
1006 0.0002246000018203631
1007 0.00021823999704793096
1008 0.00021779999951831996
1009 0.00024379999667871742
1010 0.00021229999838396908
1011 0.00021115999843459576
1012 0.00021256000327412038
1013 0.00021116000134497882
1014 0.00022658000234514474
1015 0.00021290000004228204
1016 0.00021917999838478864
1017 0.00023439999204128982
1018 0.0002194400003645569
1019 0.0002234000014141202
1020 0.00021544000192079692
1021 0.00021331999741960316
1022 0.0002142200042726472
1023 0.00021458000119309873
1024 0.00022730000491719693
1025 0.00023795999877620488
1026 0.0002193000022089109
1027 0.00022636000358033925
1028 0.00022028000093996525
1029 0.0002324999979464337
1030 0.00021935999975539744
1031 0.00024425999727100133
1032 0.00022188000148162245
1033 0.0002295800019055605
1034 0.00023541999689769
1035 0.00022052000276744365
1036 0.00022140000073704867
1037 0.00022253999777603893
1038 0.00022173999750521033
1039 0.00026225999754387886
1040 0.00021933999960310757
1041 0.0002221200003987178
1042 0.0002227199962362647
1043 0.00023329999821726234
1044 0.00024050000065471976
1045 0.00024083999451249838
1046 0.0002460799994878471
1047 0.0002230000012787059
1048 0.00025111999711953105
1049 0.00022365999757312238
1050 0.00022445999493356795
1051 0.0002244399976916611
1052 0.00022409999801311641
1053 0.00024920000578276813
1054 0.0002375999989453703
1055 0.00021919999562669545
1056 0.00021950000373180956
1057 0.00021958000434096903
1058 0.00023060000385157763
1059 0.00022590000298805535
1060 0.00022790000366512686
1061 0.0002412599977105856
1062 0.00022146000410430133
1063 0.00022573999885935336
1064 0.00022708000033162535
1065 0.00022171999735292046
1066 0.0002219200017862022
1067 0.00022213999764062465
1068 0.00022902000055182725
1069 0.0002631000010296702
1070 0.00022912000131327658
1071 0.00022803999308962375
1072 0.00022987999545875937
1073 0.0002446799975587055
1074 0.00022988000127952546
1075 0.00025252000195905564
1076 0.0002303200017195195
1077 0.0002452199987601489
1078 0.00023145999875850976
1079 0.00023110000474844128
1080 0.00023195999674499034
1081 0.00023814000305719674
1082 0.0002593599987449124
1083 0.00023304000205826014
1084 0.00023237999994307756
1085 0.00023912000469863414
1086 0.0002323199965758249
1087 0.00024349999730475247
1088 0.00023347999958787114
1089 0.0002606000052765012
1090 0.00024126000353135167
1091 0.00024149999662768096
1092 0.00024858000106178226
1093 0.00023715999850537628
1094 0.0002364000043598935
1095 0.00030039999692235144
1096 0.0002574399986770004
1097 0.00022948000114411115
1098 0.0002288799994857982
1099 0.00022965999960433692
1100 0.00023256000131368637
1101 0.00024175999860744923
1102 0.0002326000016182661
1103 0.0002483800024492666
1104 0.00023635999823454768
1105 0.00023119999968912452
1106 0.0002590799966128543
1107 0.00026607999752741306
1108 0.0002386800042586401
1109 0.00023750000109430404
1110 0.00026704000192694365
1111 0.0002381799975410104
1112 0.000238840002566576
1113 0.00023927999718580394
1114 0.00026082000113092363
1115 0.00023917999933473766
1116 0.00023849999997764825
1117 0.00027047999610658736
1118 0.00023991999914869667
1119 0.00024390000035054982
1120 0.00025190000305883584
1121 0.00024063999589998274
1122 0.00024102000170387328
1123 0.0002493000007234514
1124 0.0002653199975611642
1125 0.00023594000085722656
1126 0.00023708000080659985
1127 0.00023717999865766615
1128 0.000249060001806356
1129 0.00023870000150054692
1130 0.00024313999456353485
1131 0.000259879999794066
1132 0.0002370999980485067
1133 0.0002522399969166145
1134 0.00024305999977514148
1135 0.00027145999774802476
1136 0.00025252000195905564
1137 0.0002814599982229993
1138 0.0002516199980163947
1139 0.00024634000146761537
1140 0.0002756399975623935
1141 0.00025692000053822994
1142 0.00024502000014763324
1143 0.00027105999761261045
1144 0.0002666399988811463
1145 0.0002529999968828633
1146 0.0002466600009938702
1147 0.00024704000097699466
1148 0.00025041999761015176
1149 0.00025261999981012194
1150 0.0002736800001002848
1151 0.0002565999981015921
1152 0.0002473000000463799
1153 0.0002485600038198754
1154 0.00025618000072427096
1155 0.0002551200013840571
1156 0.000255880001350306
1157 0.00027750000008381904
1158 0.00024886000028345734
1159 0.0002572599973063916
1160 0.00025692000053822994
1161 0.00025049999821931125
1162 0.00025078000035136936
1163 0.0002982600010000169
1164 0.00024572000256739557
1165 0.000246980000520125
1166 0.00024603999918326735
1167 0.00025217999937012794
1168 0.0002627800015034154
1169 0.00026047999854199587
1170 0.0002639599988469854
1171 0.00024641999916639177
1172 0.0002578999992692843
1173 0.00024630000407341866
1174 0.00024875999661162497
1175 0.0002475599991157651
1176 0.0002537399996072054
1177 0.00027354000485502183
1178 0.00026702000468503684
1179 0.0002547400014009327
1180 0.000270840001758188
1181 0.0002616400015540421
1182 0.0002547599986428395
1183 0.00028105999808758497
1184 0.0002560599998105317
1185 0.00027201999619137497
1186 0.0002719400014029816
1187 0.00025714000221341846
1188 0.00026477999927010387
1189 0.00027853999636135996
1190 0.0002560399996582419
1191 0.0002799399982905015
1192 0.00025791999942157415
1193 0.0002749000035692006
1194 0.0002579599997261539
1195 0.00026184000016655774
1196 0.0002896199992392212
1197 0.00025960000057239084
1198 0.00027389999886509033
1199 0.00025883999769575893
1200 0.0002598999999463558
1201 0.00027389999886509033
1202 0.00028678000089712443
1203 0.0002708799991523847
1204 0.0002554599952418357
1205 0.00025391999806743113
1206 0.0002705599967157468
1207 0.00025631999887991696
1208 0.0002710800006752834
1209 0.00026798000035341827
1210 0.00025547999830450864
1211 0.0002699400007259101
1212 0.00025617999781388787
1213 0.0002562399982707575
1214 0.00027433999930508434
1215 0.00029410000424832103
1216 0.000269199998001568
1217 0.0002637800032971427
1218 0.00027797999791800976
1219 0.00026675999979488554
1220 0.00026391999854240565
1221 0.00029422000225167724
1222 0.00026614000089466574
1223 0.0002865000016754493
1224 0.0002664200001163408
1225 0.0002905800007283688
1226 0.00026551999908406285
1227 0.00030257999897003173
1228 0.00026729999808594584
1229 0.0002673800045158714
1230 0.0002810799953294918
1231 0.00027537999558262526
1232 0.0003020199976162985
1233 0.0002898400038247928
1234 0.0002753000007942319
1235 0.0002762399992207065
1236 0.0002825999981723726
1237 0.0002689399989321828
1238 0.0002841999987140298
1239 0.0003015400026924908
1240 0.00027164000493939966
1241 0.0002636199991684407
1242 0.00026338000025134535
1243 0.00027810000174213203
1244 0.000263580001774244
1245 0.0002865599963115528
1246 0.0002648799971211702
1247 0.00029047999996691944
1248 0.00026631999644450844
1249 0.0002676599979167804
1250 0.00027361999673303217
1251 0.0002873199962778017
1252 0.0003054600034374744
1253 0.00026607999752741306
1254 0.0002671399968676269
1255 0.0002668600005563349
1256 0.00028879999881610275
1257 0.00028881999605800956
1258 0.0002925000007962808
1259 0.00026812000141944735
1260 0.0002866599999833852
1261 0.000268320000031963
1262 0.0002688400010811165
1263 0.00029728000226896255
1264 0.0002824600029271096
1265 0.0002690199995413423
1266 0.00026970000471919774
1267 0.0002691799949388951
1268 0.0002808999997796491
1269 0.0003137800027616322
1270 0.0002799600042635575
1271 0.0002945000014733523
1272 0.0002775599976303056
1273 0.0002837600011844188
1274 0.0002771400031633675
1275 0.0003020200005266815
1276 0.000283419995685108
1277 0.00028010000241920354
1278 0.0002722600009292364
1279 0.000272620003670454
1280 0.0002907199988840148
1281 0.00027995999553240833
1282 0.00029633999802172186
1283 0.00027313999889884145
1284 0.00028846000204794107
1285 0.0002729400002863258
1286 0.0002739400020800531
1287 0.0002812600025208667
1288 0.00031226000282913446
1289 0.00028186000126879663
1290 0.00029850000282749534
1291 0.0002908199996454641
1292 0.00029664000030606987
1293 0.0003082799958065152
1294 0.000282540000625886
1295 0.00029867999837733804
1296 0.0002833999955328181
1297 0.00029016000335104766
1298 0.00028364000027067957
1299 0.0003108800039626658
1300 0.0002842399990186095
1301 0.0003292600013082847
1302 0.0003143199981423095
1303 0.0003586400038329884
1304 0.0005101399961858988
1305 0.0003403999988222495
1306 0.00028490000695455817
1307 0.00029543999989982693
1308 0.0002854799968190491
1309 0.00032525999704375864
1310 0.0002925800014054403
1311 0.0002872600016416982
1312 0.00029365999507717787
1313 0.00029514000343624505
1314 0.00031996000034268947
1315 0.00028912000416312365
1316 0.00030910000205039976
1317 0.0003074799984460697
1318 0.0002853199956007302
1319 0.0003211400005966425
1320 0.0003110800025751814
1321 0.0003038799943169579
1322 0.00028938000032212584
1323 0.00029352000274229795
1324 0.00030958000279497356
1325 0.00029665999463759365
1326 0.00031478000164497644
1327 0.00029838000191375615
1328 0.00032002000079955906
1329 0.0003056199988350272
1330 0.00029146000160835684
1331 0.00032798000320326536
1332 0.0002987400017445907
1333 0.0002987200015923008
1334 0.00029668000352103265
1335 0.00029215999820735304
1336 0.0003150600008666515
1337 0.00031174000177998097
1338 0.00030724000534974036
1339 0.00029260000155773014
1340 0.00030834000208415093
1341 0.00031249999883584676
1342 0.00030421999690588564
1343 0.0003382799943210557
1344 0.00030697999754920603
1345 0.00029587999451905487
1346 0.00029837999900337306
1347 0.00030364000413101165
1348 0.00032757999433670194
1349 0.00030196000006981193
1350 0.0003009000007295981
1351 0.00031076000013854357
1352 0.000297499998123385
1353 0.0003109000012045726
1354 0.0003293399990070611
1355 0.0003043600037926808
1356 0.00031091999844647946
1357 0.00029799999902024865
1358 0.0003097800014074892
1359 0.00033155999844893815
1360 0.00030600000463891773
1361 0.0003048799961106852
1362 0.00031681999680586157
1363 0.0003001000004587695
1364 0.00031372000521514567
1365 0.0003293800022220239
1366 0.00031342000002041457
1367 0.00030604000203311444
1368 0.000300180001067929
1369 0.00031497999734710904
1370 0.00032655999821145086
1371 0.0003104400006122887
1372 0.0003073600004427135
1373 0.00031987999973353
1374 0.00030129999795462935
1375 0.00031586000113748014
1376 0.0003229800029657781
1377 0.00032777999876998365
1378 0.00030992000247351823
1379 0.0003029200015589595
1380 0.00034895999997388574
1381 0.00033799999800976366
1382 0.0003099000023212284
1383 0.0003031600033864379
1384 0.0003178400016622618
1385 0.0003044799988856539
1386 0.00031802000012248755
1387 0.00034802000154741106
1388 0.00030692000000271947
1389 0.0003264800034230575
1390 0.0003123999980743974
1391 0.0003137400024570525
1392 0.0003442200017161667
1393 0.00032910000591073184
1394 0.00031110000563785436
1395 0.00032032000308390707
1396 0.0003282400022726506
1397 0.00033479999692644926
1398 0.00032829999981913715
1399 0.0003304600017145276
1400 0.0003173999983118847
1401 0.0003072799940127879
1402 0.0003310400032205507
1403 0.00033614000130910426
1404 0.00031700000108685343
1405 0.00032403999648522586
1406 0.00031795999966561795
1407 0.00031050000397954137
1408 0.00034659999946597966
1409 0.00033009999897331
1410 0.0003175999998347834
1411 0.00030866000161040575
1412 0.0003253200062317774
1413 0.000336620002053678
1414 0.00032273999822791667
1415 0.00032694000110495837
1416 0.00032675999973434954
1417 0.00032025999971665444
1418 0.000343440001597628
1419 0.0003466800000751391
1420 0.0003257400036090985
1421 0.000312320000375621
1422 0.0003212600015103817
1423 0.00033552000240888447
1424 0.0003405600000405684
1425 0.0003165999980410561
1426 0.0003323399985674769
1427 0.00032983999990392475
1428 0.00034188000136055053
1429 0.00034965999948326497
1430 0.00034058000019285826
1431 0.000322979997145012
1432 0.0003144600021187216
1433 0.0003327199985506013
1434 0.00035148000170011074
1435 0.0003237200027797371
1436 0.0003220599959604442
1437 0.0003345999983139336
1438 0.00032415999739896504
1439 0.0003258999990066513
1440 0.0003556799987563863
1441 0.00032553999917581675
1442 0.0003254800016293302
1443 0.0003189399983966723
1444 0.0003427799994824454
1445 0.0003483000007690862
1446 0.00033300000068265946
1447 0.0003264799976022914
1448 0.00032727999787312
1449 0.0003346200013766065
1450 0.00035358000022824856
1451 0.0003273200010880828
1452 0.0003267399995820597
1453 0.0003301599994301796
1454 0.0003284600010374561
1455 0.0003548200038494542
1456 0.0003293200017651543
1457 0.0003393999970285222
1458 0.00032264000037685037
1459 0.0003299599979072809
1460 0.00036234000290278343
1461 0.00034066000080201775
1462 0.00032648000051267446
1463 0.000323579998803325
1464 0.00034150000137742607
1465 0.00035839999909512696
1466 0.00034297999809496105
1467 0.00033106000337284057
1468 0.00033881999843288213
1469 0.0003260199970100075
1470 0.0003555999981472269
1471 0.0003354199987370521
1472 0.00032916000054683536
1473 0.0003373999992618337
1474 0.0003403000009711832
1475 0.0003331799991428852
1476 0.0003380400041351095
1477 0.00033486000611446796
1478 0.0003434199985349551
1479 0.0003367400000570342
1480 0.00033467999892309306
1481 0.0003637199988588691
1482 0.0003485799941699952
1483 0.0003316999995149672
1484 0.000345960003323853
1485 0.00033526000333949924
1486 0.0003577800060156733
1487 0.0003385200048796833
1488 0.0003437000006670132
1489 0.00033284000237472356
1490 0.00033659999899100513
1491 0.0004116599971894175
1492 0.0003353999985847622
1493 0.0003388599987374619
1494 0.00034583999658934774
1495 0.00035901999799534676
1496 0.00036960000288672746
1497 0.00033229999826289713
1498 0.0003466999973170459
1499 0.0003497599973343313
1500 0.0003669000056106597
1501 0.0003545199986547232
1502 0.0003323400014778599
1503 0.0003398600005311891
1504 0.0003571000008378178
1505 0.0003693800012115389
1506 0.0003423199988901615
1507 0.00033666000235825776
1508 0.0003656200016848743
1509 0.0003416000021388754
1510 0.0003586599981645122
1511 0.00035743999760597946
1512 0.0003439600026467815
1513 0.0003359600028488785
1514 0.00034445999772287906
1515 0.0003726399998413399
1516 0.00034374000097159296
1517 0.0003672200022265315
1518 0.00034417999850120393
1519 0.00033703999943099914
1520 0.00042043999710585924
1521 0.0003394999977899715
1522 0.00033201999904122206
1523 0.00033269999839831145
1524 0.0003539199999067932
1525 0.0003532600007019937
1526 0.0003331199986860156
1527 0.000342399999499321
1528 0.0003340399998705834
1529 0.00034009999653790147
1530 0.00035539999953471124
1531 0.0003488799964543432
1532 0.00034164000244345515
1533 0.0003350399958435446
1534 0.00036791999882552774
1535 0.0003638199996203184
1536 0.0003354800021043047
1537 0.0003577200026484206
1538 0.0003355399996507913
1539 0.0003442400018684566
1540 0.00036820000095758585
1541 0.00033758000063244253
1542 0.0003376999986357987
1543 0.0003522800019709393
1544 0.00038534000050276517
1545 0.0003534799994667992
1546 0.0003583600017009303
1547 0.00035054000036325304
1548 0.00034427999635227023
1549 0.00037016000133007767
1550 0.0003589800006011501
1551 0.00035210000060033054
1552 0.0003607799968449399
1553 0.00037515999574679884
1554 0.00037352000072132796
1555 0.00035306000499986113
1556 0.00035489999572746456
1557 0.000354099998367019
1558 0.000360920000821352
1559 0.00039285999955609443
1560 0.00037052000407129527
1561 0.0003634800057625398
1562 0.0003626799996709451
1563 0.00038441999931819736
1564 0.0003561599965905771
1565 0.0003652599989436567
1566 0.00035456000186968596
1567 0.0003524200030369684
1568 0.0003782000043429434
1569 0.00037920000031590464
1570 0.00035671999503392724
1571 0.0003562399971997365
1572 0.00037534000002779064
1573 0.00038665999891236426
1574 0.00035624000011011956
1575 0.00036575999984052033
1576 0.00036628000088967383
1577 0.0003709199954755604
1578 0.0003762799984542653
1579 0.0003524600004311651
1580 0.00035720000742003324
1581 0.0003674800012959167
1582 0.0003848399996059015
1583 0.000361660000635311
1584 0.0003726399998413399
1585 0.0003595399932237342
1586 0.0003734000027179718
1587 0.0003884799953084439
1588 0.00036144000478088856
1589 0.0003612399945268407
1590 0.0003539800003636628
1591 0.0003794000018388033
1592 0.00038172000204212965
1593 0.00036114000249654055
1594 0.00036937999830115585
1595 0.00036179999879095706
1596 0.0003916400019079447
1597 0.00037086000374983994
1598 0.0003618399961851537
1599 0.00036341999366413803
1600 0.0003832999995211139
1601 0.0003836600051727146
1602 0.00037153999728616326
1603 0.00039661999908275903
1604 0.00036685999657493085
1605 0.000387139999656938
1606 0.00037529999972321095
1607 0.0003662000031908974
1608 0.00035877999907825143
1609 0.0003741799999261275
1610 0.00047429999976884575
1611 0.0003670200036140159
1612 0.0003734800004167482
1613 0.00036727999977301804
1614 0.00038632000214420257
1615 0.0003920200018910691
1616 0.00037486000219359993
1617 0.000365960001363419
1618 0.0003859799966448918
1619 0.0003933200059691444
1620 0.00036706000100821256
1621 0.00037589999847114085
1622 0.00039855999348219483
1623 0.0003701199952047318
1624 0.0004050199990160763
1625 0.0003624000033596531
1626 0.00038151999760884794
1627 0.00037503999774344263
1628 0.0004067200003191829
1629 0.00036527999909594653
1630 0.000383140001213178
1631 0.0003725799964740872
1632 0.0003780399943934754
1633 0.0004014999984065071
1634 0.00042839999950956554
1635 0.0003720599954249337
1636 0.00043966000084765254
1637 0.00040120000194292514
1638 0.0003908999991836026
1639 0.0003827999986242503
1640 0.0003822200000286102
1641 0.0004117000033147633
1642 0.0003904599987436086
1643 0.00036182000185362994
1644 0.00037734000070486216
1645 0.00037193999742157757
1646 0.0003843399987090379
1647 0.0003836800024146214
1648 0.00036229999968782065
1649 0.0003632199979620054
1650 0.0004030600015539676
1651 0.0003838400007225573
1652 0.0003770600014831871
1653 0.0003901999996742234
1654 0.00039974000246729703
1655 0.00037714000209234657
1656 0.0003875399997923523
1657 0.0003777800011448562
1658 0.0003792399977101013
1659 0.00040104000363498925
1660 0.00037634000182151794
1661 0.0003806799999438226
1662 0.00038692000380251556
1663 0.0004054199991514906
1664 0.00037954000290483234
1665 0.0003876000002492219
1666 0.00038665999891236426
1667 0.0004037200007587671
1668 0.0004205199977150187
1669 0.0003825400024652481
1670 0.00038251999649219215
1671 0.0004050000017741695
1672 0.0003978799999458715
1673 0.00039130000222939996
1674 0.00038677999982610344
1675 0.00037258000229485334
1676 0.00037782000144943596
1677 0.0004246200027409941
1678 0.00038224000309128314
1679 0.00039611999527551235
1680 0.00040709999448154124
1681 0.00038428000116255137
1682 0.000391740002669394
1683 0.00038357999874278904
1684 0.0003842999984044582
1685 0.00041117999935522673
1686 0.00038608000322710724
1687 0.00038492000312544404
1688 0.00039330000290647147
1689 0.00041462000517640264
1690 0.00038847999821882694
1691 0.0003955600026529282
1692 0.0003871800028719008
1693 0.0003941400005714968
1694 0.0004041000007418916
1695 0.000389220000943169
1696 0.00039974000246729703
1697 0.00040529999823775144
1698 0.00039798000070732085
1699 0.0003910400002496317
1700 0.0003754600009415299
1701 0.0003753799945116043
1702 0.000412779999896884
1703 0.0004145599988987669
1704 0.0003937200002837926
1705 0.00040333999786525967
1706 0.00040804000163916496
1707 0.0003900200012139976
1708 0.00039770000148564577
1709 0.00038976000214461235
1710 0.00039114000101108103
1711 0.0004226000019116327
1712 0.0004054600023664534
1713 0.0003971000027377158
1714 0.000399739999556914
1715 0.00041472000011708585
1716 0.0004036199999973178
1717 0.0003929400030756369
1718 0.00039315999893005935
1719 0.0004276599996956065
1720 0.00046511999680660666
1721 0.00037966000090818854
1722 0.00039545999898109584
1723 0.0004167400038568303
1724 0.00038186000310815873
1725 0.00039301999495364723
1726 0.00038448000268545004
1727 0.0003886799997417256
1728 0.000413359995582141
1729 0.0003949399950215593
1730 0.0004046200017910451
1731 0.00040529999823775144
1732 0.0004220599977998063
1733 0.0004146399995079264
1734 0.0004197199974441901
1735 0.00040210000006482007
1736 0.0004196200054138899
1737 0.0004049599985592067
1738 0.0004114199982723221
1739 0.0004087000008439645
1740 0.0004142799967667088
1741 0.0004145799990510568
1742 0.00039869999745860695
1743 0.00040627999987918884
1744 0.0004503400035900995
1745 0.0004250600002706051
1746 0.00042683999927248804
1747 0.0004329799965489656
1748 0.0004533999977866188
1749 0.00043409999634604903
1750 0.00043274000054225323
1751 0.00042649999377317724
1752 0.00044507999555207787
1753 0.000399139997898601
1754 0.00040260000387206676
1755 0.0004118599987123162
1756 0.000432619996718131
1757 0.0004119599994737655
1758 0.0004200600000331178
1759 0.00040429999935440717
1760 0.00043329999898560344
1761 0.0004205399978673086
1762 0.000415439999778755
1763 0.00042441999830771237
1764 0.00045335999748203905
1765 0.00041665999742690474
1766 0.00042990000220015644
1767 0.00041967999713961036
1768 0.0004439799959072843
1769 0.00039377999783027915
1770 0.00039500000129919497
1771 0.0004084600019268692
1772 0.0004018799983896315
1773 0.00043067999940831213
1774 0.00041132000333163885
1775 0.0003950400016037747
1776 0.00040277999651152643
1777 0.0004227399971568957
1778 0.0004111799964448437
1779 0.0004272399964975193
1780 0.0003971000027377158
1781 0.00042883999994955955
1782 0.0004110600013518706
1783 0.0004038600018247962
1784 0.00039715999737381934
1785 0.00043761999695561825
1786 0.00039868000021670014
1787 0.0003980200010119006
1788 0.0004192399966996163
1789 0.0004281800036551431
1790 0.0004186399979516864
1791 0.00040679999510757626
1792 0.0004286000097636133
1793 0.00041221999854315074
1794 0.0004832399979932234
1795 0.00040083999920170754
1796 0.00044480000215116886
1797 0.00040696000214666126
1798 0.00043898000149056315
1799 0.0004019400017568842
1800 0.00040234000189229844
1801 0.0004288800002541393
1802 0.00045705999655183406
1803 0.00042747999832499773
1804 0.00044202000426594166
1805 0.00043337999959476293
1806 0.00046733999624848366
1807 0.0004300200031138957
1808 0.0004424600017955527
1809 0.00045035999501124023
1810 0.0004384399973787367
1811 0.0004285999981220812
1812 0.000442559999646619
1813 0.0004565800045384094
1814 0.0004366599983768538
1815 0.0004425999999511987
1816 0.0004294200014555827
1817 0.00046467999927699564
1818 0.00043052000110037624
1819 0.00043095999862998726
1820 0.000446560001000762
1821 0.000456340002710931
1822 0.000443879998056218
1823 0.0004331999982241541
1824 0.000429820001590997
1825 0.00044314000115264207
1826 0.0004214400018099695
1827 0.0004369400005089119
1828 0.0004245000018272549
1829 0.00046224000107031316
1830 0.0004401999991387129
1831 0.0004227400029776618
1832 0.0004298999992897734
1833 0.00044417999451979996
1834 0.00042631999822333454
1835 0.0004423800011863932
1836 0.00044329999655019493
1837 0.00044974000193178656
1838 0.000433960001100786
1839 0.00042498000548221173
1840 0.00043739999819081277
1841 0.0004553400038275868
1842 0.00042526000179350377
1843 0.0004429000022355467
1844 0.0004316200036555529
1845 0.00046411999501287936
1846 0.00042497999675106257
1847 0.0004400200006784871
1848 0.0004639399965526536
1849 0.00044635999947786333
1850 0.00046665999689139427
1851 0.00048166000051423906
1852 0.0004578399966703728
1853 0.00044299999717622995
1854 0.00042744000384118406
1855 0.0004285000031813979
1856 0.0004761600022902712
1857 0.00042945999884977935
1858 0.0004377000033855438
1859 0.00042990000220015644
1860 0.0004667199944378808
1861 0.000442260000272654
1862 0.0004298000014387071
1863 0.00044389999529812483
1864 0.00045573999814223497
1865 0.00042963999731000514
1866 0.0004465600068215281
1867 0.000440780000644736
1868 0.0004523000010522082
1869 0.0004384600033517927
1870 0.0004528200021013618
1871 0.0004451599990716204
1872 0.0004532999999355525
1873 0.00045334000024013223
1874 0.00044590000179596246
1875 0.0004406399995787069
1876 0.00046879999863449486
1877 0.00044152000045869497
1878 0.0004337999998824671
1879 0.0004749400017317384
1880 0.0004496200010180473
1881 0.00043211999291088433
1882 0.00044897999614477155
1883 0.00046280000533442943
1884 0.00046751999179832636
1885 0.00043582000071182845
1886 0.0004354599950602278
1887 0.0004768999962834641
1888 0.0004446800012374297
1889 0.0004457799979718402
1890 0.0004364800057373941
1891 0.0004752400011057034
1892 0.0004448799969395623
1893 0.00044296000269241633
1894 0.00045440000249072907
1895 0.00046828000340610744
1896 0.000445659994147718
1897 0.00044582000118680297
1898 0.0004695800016634166
1899 0.0004911800031550228
1900 0.00044066000264137984
1901 0.0004452399996807799
1902 0.00048113999655470253
1903 0.0004270400037057698
1904 0.00044734000111930073
1905 0.0004475200024899095
1906 0.0004647200024919584
1907 0.0004565399984130636
1908 0.00044236000103410334
1909 0.0004497600020840764
1910 0.00047166000586003066
1911 0.0004499200003920123
1912 0.0004608399962307885
1913 0.0004714999988209456
1914 0.00045051999913994225
1915 0.00045028000022284687
1916 0.0004382400045869872
1917 0.0004936599929351359
1918 0.0004557800042675808
1919 0.00045410000020638106
1920 0.0004584999929647893
1921 0.0004745999991428107
1922 0.00045706000237260013
1923 0.00046208000276237726
1924 0.000459299999056384
1925 0.00047134000342339275
1926 0.0004464000026928261
1927 0.00045051999913994225
1928 0.0004883999965386466
1929 0.00045527999463956803
1930 0.00045611999812535944
1931 0.00044972000177949666
1932 0.00048787999839987605
1933 0.0004488400008995086
1934 0.00046108000096864996
1935 0.0004634000040823594
1936 0.0004717000003438443
1937 0.0004691999987699091
1938 0.00045553999952971933
1939 0.00047049999702721836
1940 0.00047902000369504094
1941 0.00044972000177949666
1942 0.00046485999773722143
1943 0.00047382000193465503
1944 0.00046298000088427214
1945 0.00045150000078137965
1946 0.0004515200009336695
1947 0.0004994400020223111
1948 0.00045261999766808
1949 0.000467739999294281
1950 0.00045612000103574247
1951 0.00047765999916009604
1952 0.00046663999964948746
1953 0.0004539200017461553
1954 0.0004985799983842299
1955 0.0004535999963991344
1956 0.0004629600007319823
1957 0.00045756000035908074
1958 0.0004903800028841943
1959 0.0004714800015790388
1960 0.00045465999864973127
1961 0.0004710799956228584
1962 0.00047811999975237994
1963 0.00046207999985199423
1964 0.00046541999909095467
1965 0.00046590000274591146
1966 0.00048505999729968606
1967 0.0004550800018478185
1968 0.0004864600021392107
1969 0.0004934199998388067
1970 0.0004677799966884777
1971 0.0004657399986172095
1972 0.0004718000011052936
1973 0.00048018000088632105
1974 0.00047469999699387697
1975 0.00045763999805785714
1976 0.0004913000040687621
1977 0.0004759200004627928
1978 0.0004633999924408272
1979 0.00046300000103656204
1980 0.0004953199968440458
1981 0.00046824000019114466
1982 0.0004631599964341149
1983 0.0004883599991444499
1984 0.0005135599989444017
1985 0.0005954799999017268
1986 0.0005043799988925457
1987 0.000514119997387752
1988 0.0004936000012094155
1989 0.0004985199979273602
1990 0.0005255200027022511
1991 0.0004926999972667545
1992 0.0005020800017518923
1993 0.0005054599983850494
1994 0.0005119000066770241
1995 0.0005054000008385629
1996 0.0005142999958479777
1997 0.0005137200001627207
1998 0.0005028400046285242
1999 0.0005105799966258929
2000 0.0004993399983504787
2001 0.000529519998235628
2002 0.0004948199959471822
2003 0.000502699997741729
2004 0.0005285200022626668
2005 0.0004869800031883642
2006 0.0004805599979590625
2007 0.00048757999902591107
2008 0.0005136200052220374
2009 0.0004698399978224188
2010 0.0004754199966555461
2011 0.0005031799984863028
2012 0.0004828999954042956
2013 0.0004888600000413134
2014 0.00048430000024382027
2015 0.0004894599987892434
2016 0.0004573400045046583
2017 0.0004641799925593659
2018 0.00048809999716468153
2019 0.0004631199990399182
2020 0.0004746599966892973
2021 0.00045872000337112697
2022 0.0005057000031229109
2023 0.00047220000124070793
2024 0.00048546000325586645
2025 0.0004951999988406896
2026 0.0004936400015139953
2027 0.00047737999993842096
2028 0.00047054000024218114
2029 0.0005112599988933653
2030 0.00047337999858427794
2031 0.00048715999291744084
2032 0.0005019400006858632
2033 0.0004995800030883401
2034 0.0004738400020869449
2035 0.0004880000022239983
2036 0.0004903400025796145
2037 0.00046233999892137946
2038 0.00047710000071674583
2039 0.0004997999989427626
2040 0.0004623799992259592
2041 0.00047676000103820116
2042 0.0004625000001396984
2043 0.000504759995965287
2044 0.00048609999648761
2045 0.0004961000027833507
2046 0.0005040200048824772
2047 0.0005154800019226968
2048 0.0004789399972651154
2049 0.00047203999711200597
2050 0.0005087400000775233
2051 0.000476179999532178
2052 0.0004914000048302114
2053 0.0005038199975388125
2054 0.0004954199976054952
2055 0.0004879600019194186
2056 0.0004954200005158782
2057 0.0004943400039337575
2058 0.0005036999966250733
2059 0.0005014800000935793
